# N: 30
#T C
1.500000 -0.998769
1.510000 -0.987865
1.520000 -0.971325
1.530000 -0.957607
1.540000 -0.942425
1.550000 -0.928626
1.560000 -0.914150
1.570000 -0.901212
1.580000 -0.886470
1.590000 -0.873467
1.600000 -0.860642
1.610000 -0.847651
1.620000 -0.835189
1.630000 -0.821695
1.640000 -0.810005
1.650000 -0.797395
1.660000 -0.785829
1.670000 -0.774246
1.680000 -0.761552
1.690000 -0.750195
1.700000 -0.739014
1.710000 -0.727986
1.720000 -0.717169
1.730000 -0.705122
1.740000 -0.694831
1.750000 -0.684391
1.760000 -0.674088
1.770000 -0.663301
1.780000 -0.652478
1.790000 -0.643421
1.800000 -0.632339
1.810000 -0.623415
1.820000 -0.612374
1.830000 -0.603499
1.840000 -0.594245
1.850000 -0.584238
1.860000 -0.573879
1.870000 -0.565673
1.880000 -0.555903
1.890000 -0.547187
1.900000 -0.537960
1.910000 -0.531134
1.920000 -0.519778
1.930000 -0.511705
1.940000 -0.503544
1.950000 -0.493499
1.960000 -0.485548
1.970000 -0.477136
1.980000 -0.468853
1.990000 -0.459927
2.000000 -0.451964
2.010000 -0.443076
2.020000 -0.435601
2.030000 -0.427851
2.040000 -0.419208
2.050000 -0.411072
2.060000 -0.405180
2.070000 -0.395026
2.080000 -0.387506
2.090000 -0.380975
2.100000 -0.371462
2.110000 -0.364112
2.120000 -0.358404
2.130000 -0.351304
2.140000 -0.339875
2.150000 -0.331621
2.160000 -0.326341
2.170000 -0.316784
2.180000 -0.310186
2.190000 -0.299192
2.200000 -0.297103
2.210000 -0.283984
2.220000 -0.278125
2.230000 -0.269213
2.240000 -0.265472
2.250000 -0.258460
2.260000 -0.248346
2.270000 -0.245235
2.280000 -0.232575
2.290000 -0.219757
2.300000 -0.213574
2.310000 -0.207177
2.320000 -0.203115
2.330000 -0.190562
2.340000 -0.187469
2.350000 -0.180422
2.360000 -0.180651
2.370000 -0.165553
2.380000 -0.162739
2.390000 -0.158078
2.400000 -0.149906
2.410000 -0.147498
2.420000 -0.145176
2.430000 -0.139230
2.440000 -0.137447
2.450000 -0.133888
2.460000 -0.131388
2.470000 -0.126546
2.480000 -0.123177
2.490000 -0.120208
2.500000 -0.118485
2.510000 -0.116049
2.520000 -0.112542
2.530000 -0.109486
2.540000 -0.107804
2.550000 -0.104689
2.560000 -0.103268
2.570000 -0.101047
2.580000 -0.097733
2.590000 -0.096868
2.600000 -0.093577
2.610000 -0.092080
2.620000 -0.090542
2.630000 -0.089142
2.640000 -0.086797
2.650000 -0.083945
2.660000 -0.083323
2.670000 -0.081775
2.680000 -0.080008
2.690000 -0.078328
2.700000 -0.077128
2.710000 -0.075583
2.720000 -0.073775
2.730000 -0.072157
2.740000 -0.070960
2.750000 -0.068976
2.760000 -0.068790
2.770000 -0.067099
2.780000 -0.065631
2.790000 -0.065218
2.800000 -0.063844
2.810000 -0.062170
2.820000 -0.061149
2.830000 -0.060059
2.840000 -0.059459
2.850000 -0.058539
2.860000 -0.057195
2.870000 -0.056037
2.880000 -0.055380
2.890000 -0.054209
2.900000 -0.053178
2.910000 -0.052508
2.920000 -0.051295
2.930000 -0.050519
2.940000 -0.049754
2.950000 -0.049079
2.960000 -0.048433
2.970000 -0.047133
2.980000 -0.046655
2.990000 -0.045689
3.000000 -0.045068
