# N: 10
#T C
1.500000 0.366072
1.510000 0.397901
1.520000 0.385385
1.530000 0.384627
1.540000 0.394009
1.550000 0.392531
1.560000 0.396980
1.570000 0.404238
1.580000 0.403200
1.590000 0.407102
1.600000 0.398626
1.610000 0.427299
1.620000 0.426853
1.630000 0.441095
1.640000 0.421222
1.650000 0.448252
1.660000 0.452088
1.670000 0.458456
1.680000 0.453167
1.690000 0.467095
1.700000 0.453579
1.710000 0.479935
1.720000 0.500195
1.730000 0.492960
1.740000 0.493797
1.750000 0.521883
1.760000 0.506152
1.770000 0.526364
1.780000 0.554271
1.790000 0.521665
1.800000 0.535108
1.810000 0.544917
1.820000 0.603440
1.830000 0.591994
1.840000 0.575089
1.850000 0.589384
1.860000 0.604480
1.870000 0.595397
1.880000 0.613104
1.890000 0.652590
1.900000 0.629458
1.910000 0.688355
1.920000 0.663514
1.930000 0.683014
1.940000 0.691866
1.950000 0.696600
1.960000 0.712642
1.970000 0.725918
1.980000 0.783814
1.990000 0.807014
2.000000 0.830087
2.010000 0.778722
2.020000 0.805598
2.030000 0.771704
2.040000 0.846610
2.050000 1.017975
2.060000 0.858222
2.070000 0.924935
2.080000 0.956266
2.090000 0.951794
2.100000 1.044275
2.110000 1.065088
2.120000 1.027584
2.130000 1.035782
2.140000 1.082755
2.150000 1.056126
2.160000 1.120969
2.170000 1.052215
2.180000 1.198485
2.190000 1.152810
2.200000 1.307881
2.210000 1.311115
2.220000 1.253566
2.230000 1.262454
2.240000 1.253887
2.250000 1.308078
2.260000 1.314839
2.270000 1.378210
2.280000 1.257893
2.290000 1.280480
2.300000 1.298474
2.310000 1.319398
2.320000 1.379126
2.330000 1.348465
2.340000 1.348007
2.350000 1.350185
2.360000 1.303945
2.370000 1.343213
2.380000 1.343991
2.390000 1.362252
2.400000 1.343908
2.410000 1.273638
2.420000 1.283226
2.430000 1.231322
2.440000 1.284658
2.450000 1.244105
2.460000 1.275592
2.470000 1.223633
2.480000 1.166041
2.490000 1.193712
2.500000 1.153408
2.510000 1.168749
2.520000 1.090834
2.530000 1.103344
2.540000 1.056359
2.550000 1.097860
2.560000 0.964438
2.570000 1.045602
2.580000 0.984924
2.590000 0.939411
2.600000 0.911490
2.610000 0.904953
2.620000 0.910384
2.630000 0.923725
2.640000 0.862925
2.650000 0.790113
2.660000 0.880378
2.670000 0.814109
2.680000 0.806998
2.690000 0.822283
2.700000 0.795136
2.710000 0.756392
2.720000 0.721958
2.730000 0.729605
2.740000 0.690030
2.750000 0.666669
2.760000 0.612725
2.770000 0.641195
2.780000 0.645894
2.790000 0.648859
2.800000 0.655831
2.810000 0.612738
2.820000 0.611850
2.830000 0.566978
2.840000 0.537392
2.850000 0.576955
2.860000 0.568921
2.870000 0.535136
2.880000 0.559521
2.890000 0.504746
2.900000 0.534590
2.910000 0.501515
2.920000 0.518689
2.930000 0.495417
2.940000 0.468897
2.950000 0.478967
2.960000 0.461467
2.970000 0.474688
2.980000 0.483882
2.990000 0.426298
3.000000 0.439351
