# N: 20
#T C
1.500000 0.948996
1.510000 0.939740
1.520000 0.939675
1.530000 0.928732
1.540000 0.922161
1.550000 0.926830
1.560000 0.919919
1.570000 0.914575
1.580000 0.913362
1.590000 0.908373
1.600000 0.920617
1.610000 0.897400
1.620000 0.895228
1.630000 0.917787
1.640000 0.895432
1.650000 0.882906
1.660000 0.901913
1.670000 0.892888
1.680000 0.887799
1.690000 0.894103
1.700000 0.905810
1.710000 0.896458
1.720000 0.906380
1.730000 0.876790
1.740000 0.894051
1.750000 0.915509
1.760000 0.884800
1.770000 0.909840
1.780000 0.899011
1.790000 0.921004
1.800000 0.905854
1.810000 0.904078
1.820000 0.931931
1.830000 0.906678
1.840000 0.929663
1.850000 0.920961
1.860000 0.940230
1.870000 0.932092
1.880000 0.940007
1.890000 0.969487
1.900000 0.962424
1.910000 0.987845
1.920000 0.988767
1.930000 0.982193
1.940000 1.028827
1.950000 1.003088
1.960000 1.023786
1.970000 1.010961
1.980000 1.007886
1.990000 1.033474
2.000000 1.033297
2.010000 1.071892
2.020000 1.099629
2.030000 1.121197
2.040000 1.075303
2.050000 1.116419
2.060000 1.140830
2.070000 1.175844
2.080000 1.151893
2.090000 1.192444
2.100000 1.223754
2.110000 1.249182
2.120000 1.308284
2.130000 1.302463
2.140000 1.301347
2.150000 1.387526
2.160000 1.372969
2.170000 1.689736
2.180000 1.523623
2.190000 1.450782
2.200000 1.621697
2.210000 1.621006
2.220000 1.876837
2.230000 1.805734
2.240000 1.601595
2.250000 1.786698
2.260000 1.742058
2.270000 1.612120
2.280000 1.695851
2.290000 1.758461
2.300000 1.899602
2.310000 1.836217
2.320000 1.654103
2.330000 1.806437
2.340000 1.748457
2.350000 1.812300
2.360000 1.837956
2.370000 1.587281
2.380000 1.564735
2.390000 1.509749
2.400000 1.645308
2.410000 1.508861
2.420000 1.298881
2.430000 1.256528
2.440000 1.361681
2.450000 1.326403
2.460000 1.271170
2.470000 1.146226
2.480000 1.181851
2.490000 1.176169
2.500000 1.002184
2.510000 1.080656
2.520000 0.970622
2.530000 1.032082
2.540000 0.965493
2.550000 0.956133
2.560000 0.890585
2.570000 0.811165
2.580000 0.860891
2.590000 0.817892
2.600000 0.809142
2.610000 0.745152
2.620000 0.776565
2.630000 0.834600
2.640000 0.782728
2.650000 0.726518
2.660000 0.708799
2.670000 0.703774
2.680000 0.707708
2.690000 0.658038
2.700000 0.648060
2.710000 0.632595
2.720000 0.623589
2.730000 0.625586
2.740000 0.643840
2.750000 0.608906
2.760000 0.587164
2.770000 0.591043
2.780000 0.580827
2.790000 0.574903
2.800000 0.570903
2.810000 0.562110
2.820000 0.547054
2.830000 0.544174
2.840000 0.528861
2.850000 0.500598
2.860000 0.498711
2.870000 0.512953
2.880000 0.496967
2.890000 0.496389
2.900000 0.477188
2.910000 0.479398
2.920000 0.485834
2.930000 0.471199
2.940000 0.455453
2.950000 0.448920
2.960000 0.443532
2.970000 0.453730
2.980000 0.473962
2.990000 0.435251
3.000000 0.432623
