# N: 10
#T E
1.500000 -1.890302
1.510000 -1.882566
1.520000 -1.883506
1.530000 -1.881206
1.540000 -1.879378
1.550000 -1.876666
1.560000 -1.874758
1.570000 -1.872526
1.580000 -1.871410
1.590000 -1.868902
1.600000 -1.866938
1.610000 -1.861786
1.620000 -1.858654
1.630000 -1.854438
1.640000 -1.856522
1.650000 -1.852202
1.660000 -1.847638
1.670000 -1.843790
1.680000 -1.841050
1.690000 -1.839882
1.700000 -1.838414
1.710000 -1.833798
1.720000 -1.827662
1.730000 -1.827074
1.740000 -1.818606
1.750000 -1.815994
1.760000 -1.817706
1.770000 -1.809626
1.780000 -1.799630
1.790000 -1.802706
1.800000 -1.800702
1.810000 -1.796262
1.820000 -1.784306
1.830000 -1.784798
1.840000 -1.778158
1.850000 -1.772602
1.860000 -1.769430
1.870000 -1.765766
1.880000 -1.761822
1.890000 -1.750838
1.900000 -1.751422
1.910000 -1.737514
1.920000 -1.735162
1.930000 -1.729126
1.940000 -1.726886
1.950000 -1.721842
1.960000 -1.711466
1.970000 -1.703198
1.980000 -1.691506
1.990000 -1.686278
2.000000 -1.677178
2.010000 -1.679282
2.020000 -1.669994
2.030000 -1.671762
2.040000 -1.658414
2.050000 -1.629654
2.060000 -1.643678
2.070000 -1.624462
2.080000 -1.614886
2.090000 -1.616462
2.100000 -1.600434
2.110000 -1.586854
2.120000 -1.585750
2.130000 -1.574210
2.140000 -1.566534
2.150000 -1.557254
2.160000 -1.543306
2.170000 -1.541090
2.180000 -1.515630
2.190000 -1.507406
2.200000 -1.480830
2.210000 -1.480178
2.220000 -1.474362
2.230000 -1.468774
2.240000 -1.448694
2.250000 -1.439542
2.260000 -1.420842
2.270000 -1.388578
2.280000 -1.411886
2.290000 -1.381770
2.300000 -1.382850
2.310000 -1.364698
2.320000 -1.338882
2.330000 -1.342506
2.340000 -1.317786
2.350000 -1.285638
2.360000 -1.322078
2.370000 -1.291906
2.380000 -1.245514
2.390000 -1.238042
2.400000 -1.232394
2.410000 -1.245598
2.420000 -1.221506
2.430000 -1.206910
2.440000 -1.183142
2.450000 -1.181654
2.460000 -1.162446
2.470000 -1.170066
2.480000 -1.130666
2.490000 -1.130958
2.500000 -1.115522
2.510000 -1.121754
2.520000 -1.083846
2.530000 -1.082214
2.540000 -1.076954
2.550000 -1.087970
2.560000 -1.038906
2.570000 -1.057710
2.580000 -1.037650
2.590000 -1.019450
2.600000 -1.019422
2.610000 -1.004714
2.620000 -0.995354
2.630000 -0.997002
2.640000 -0.974194
2.650000 -0.967794
2.660000 -0.966906
2.670000 -0.963342
2.680000 -0.959434
2.690000 -0.946314
2.700000 -0.945078
2.710000 -0.927586
2.720000 -0.922494
2.730000 -0.919226
2.740000 -0.903542
2.750000 -0.900622
2.760000 -0.882682
2.770000 -0.880166
2.780000 -0.887822
2.790000 -0.878650
2.800000 -0.875802
2.810000 -0.855074
2.820000 -0.858930
2.830000 -0.847694
2.840000 -0.833390
2.850000 -0.837898
2.860000 -0.830830
2.870000 -0.815606
2.880000 -0.822970
2.890000 -0.806870
2.900000 -0.822390
2.910000 -0.803374
2.920000 -0.805958
2.930000 -0.801270
2.940000 -0.788806
2.950000 -0.788038
2.960000 -0.785402
2.970000 -0.774750
2.980000 -0.784146
2.990000 -0.762094
3.000000 -0.749242
