# N: 20
#T E
1.500000 -1.953653
1.510000 -1.951135
1.520000 -1.949993
1.530000 -1.946549
1.540000 -1.944918
1.550000 -1.942565
1.560000 -1.941664
1.570000 -1.940131
1.580000 -1.936467
1.590000 -1.933070
1.600000 -1.930543
1.610000 -1.928548
1.620000 -1.926049
1.630000 -1.921675
1.640000 -1.919731
1.650000 -1.918428
1.660000 -1.914430
1.670000 -1.909467
1.680000 -1.906681
1.690000 -1.902700
1.700000 -1.899199
1.710000 -1.897506
1.720000 -1.893833
1.730000 -1.892434
1.740000 -1.885849
1.750000 -1.882519
1.760000 -1.878635
1.770000 -1.874261
1.780000 -1.869604
1.790000 -1.865754
1.800000 -1.862469
1.810000 -1.859034
1.820000 -1.852405
1.830000 -1.847632
1.840000 -1.843419
1.850000 -1.839622
1.860000 -1.833728
1.870000 -1.830960
1.880000 -1.821285
1.890000 -1.816820
1.900000 -1.813751
1.910000 -1.805347
1.920000 -1.799692
1.930000 -1.796927
1.940000 -1.788164
1.950000 -1.786205
1.960000 -1.774280
1.970000 -1.768627
1.980000 -1.763699
1.990000 -1.756372
2.000000 -1.750364
2.010000 -1.739856
2.020000 -1.733257
2.030000 -1.725278
2.040000 -1.721265
2.050000 -1.706638
2.060000 -1.704139
2.070000 -1.693089
2.080000 -1.682295
2.090000 -1.676144
2.100000 -1.665691
2.110000 -1.656594
2.120000 -1.646990
2.130000 -1.630429
2.140000 -1.627485
2.150000 -1.603935
2.160000 -1.599452
2.170000 -1.575817
2.180000 -1.574995
2.190000 -1.567088
2.200000 -1.554175
2.210000 -1.534639
2.220000 -1.518372
2.230000 -1.497700
2.240000 -1.490373
2.250000 -1.484465
2.260000 -1.469366
2.270000 -1.454717
2.280000 -1.432970
2.290000 -1.424084
2.300000 -1.391082
2.310000 -1.364825
2.320000 -1.375150
2.330000 -1.355466
2.340000 -1.333470
2.350000 -1.323465
2.360000 -1.302024
2.370000 -1.275537
2.380000 -1.269595
2.390000 -1.243408
2.400000 -1.248695
2.410000 -1.220555
2.420000 -1.197664
2.430000 -1.207756
2.440000 -1.204238
2.450000 -1.185097
2.460000 -1.154699
2.470000 -1.148470
2.480000 -1.143515
2.490000 -1.139760
2.500000 -1.117210
2.510000 -1.113587
2.520000 -1.095134
2.530000 -1.098316
2.540000 -1.085552
2.550000 -1.075231
2.560000 -1.069879
2.570000 -1.047494
2.580000 -1.050379
2.590000 -1.038183
2.600000 -1.037233
2.610000 -1.035606
2.620000 -1.023329
2.630000 -1.022042
2.640000 -1.009890
2.650000 -1.000245
2.660000 -0.987194
2.670000 -0.989785
2.680000 -0.981475
2.690000 -0.974607
2.700000 -0.966187
2.710000 -0.959813
2.720000 -0.954735
2.730000 -0.950453
2.740000 -0.943654
2.750000 -0.932646
2.760000 -0.936260
2.770000 -0.927621
2.780000 -0.922994
2.790000 -0.918632
2.800000 -0.917620
2.810000 -0.908324
2.820000 -0.903660
2.830000 -0.895309
2.840000 -0.893979
2.850000 -0.886064
2.860000 -0.883329
2.870000 -0.874223
2.880000 -0.874942
2.890000 -0.869765
2.900000 -0.863345
2.910000 -0.860463
2.920000 -0.853565
2.930000 -0.849611
2.940000 -0.842360
2.950000 -0.842958
2.960000 -0.838407
2.970000 -0.831699
2.980000 -0.828125
2.990000 -0.825106
3.000000 -0.824291
