# N: 30
#T E
1.500000 -1.960379
1.510000 -1.962875
1.520000 -1.959255
1.530000 -1.958165
1.540000 -1.955268
1.550000 -1.953497
1.560000 -1.950711
1.570000 -1.949269
1.580000 -1.945560
1.590000 -1.943458
1.600000 -1.941268
1.610000 -1.938594
1.620000 -1.936232
1.630000 -1.932365
1.640000 -1.930344
1.650000 -1.926928
1.660000 -1.924486
1.670000 -1.921749
1.680000 -1.917328
1.690000 -1.914298
1.700000 -1.911208
1.710000 -1.908043
1.720000 -1.904884
1.730000 -1.899776
1.740000 -1.896749
1.750000 -1.893251
1.760000 -1.889680
1.770000 -1.885135
1.780000 -1.880228
1.790000 -1.877633
1.800000 -1.871750
1.810000 -1.868833
1.820000 -1.862405
1.830000 -1.859016
1.840000 -1.854756
1.850000 -1.849044
1.860000 -1.842439
1.870000 -1.839056
1.880000 -1.832816
1.890000 -1.828043
1.900000 -1.822167
1.910000 -1.820061
1.920000 -1.809904
1.930000 -1.805124
1.940000 -1.799904
1.950000 -1.791008
1.960000 -1.785618
1.970000 -1.779086
1.980000 -1.772496
1.990000 -1.764380
2.000000 -1.757787
2.010000 -1.749050
2.020000 -1.742793
2.030000 -1.735792
2.040000 -1.726525
2.050000 -1.718031
2.060000 -1.713961
2.070000 -1.700485
2.080000 -1.692316
2.090000 -1.686049
2.100000 -1.672630
2.110000 -1.663986
2.120000 -1.658701
2.130000 -1.649828
2.140000 -1.630011
2.150000 -1.617594
2.160000 -1.612217
2.170000 -1.595656
2.180000 -1.585993
2.190000 -1.564607
2.200000 -1.566292
2.210000 -1.537998
2.220000 -1.528740
2.230000 -1.510465
2.240000 -1.507070
2.250000 -1.493548
2.260000 -1.470195
2.270000 -1.467322
2.280000 -1.434947
2.290000 -1.400128
2.300000 -1.386522
2.310000 -1.371463
2.320000 -1.363904
2.330000 -1.326830
2.340000 -1.321311
2.350000 -1.302131
2.360000 -1.307770
2.370000 -1.257737
2.380000 -1.252661
2.390000 -1.239659
2.400000 -1.212244
2.410000 -1.207652
2.420000 -1.203057
2.430000 -1.183148
2.440000 -1.180343
2.450000 -1.169516
2.460000 -1.163480
2.470000 -1.146707
2.480000 -1.135846
2.490000 -1.126698
2.500000 -1.122816
2.510000 -1.115863
2.520000 -1.103176
2.530000 -1.092516
2.540000 -1.088206
2.550000 -1.076600
2.560000 -1.073436
2.570000 -1.066093
2.580000 -1.052658
2.590000 -1.051855
2.600000 -1.037949
2.610000 -1.033461
2.620000 -1.028732
2.630000 -1.024561
2.640000 -1.014964
2.650000 -1.001979
2.660000 -1.001997
2.670000 -0.996312
2.680000 -0.989241
2.690000 -0.982355
2.700000 -0.978453
2.710000 -0.972200
2.720000 -0.963945
2.730000 -0.956836
2.740000 -0.952337
2.750000 -0.942433
2.760000 -0.944456
2.770000 -0.936233
2.780000 -0.929292
2.790000 -0.929622
2.800000 -0.923028
2.810000 -0.914156
2.820000 -0.909837
2.830000 -0.904866
2.840000 -0.903482
2.850000 -0.899616
2.860000 -0.892315
2.870000 -0.886238
2.880000 -0.884196
2.890000 -0.877806
2.900000 -0.872392
2.910000 -0.869942
2.920000 -0.862780
2.930000 -0.859153
2.940000 -0.855442
2.950000 -0.852482
2.960000 -0.849731
2.970000 -0.841103
2.980000 -0.839545
2.990000 -0.833639
3.000000 -0.830751
