# N: 20
#T M
1.500000 0.985301
1.510000 0.984596
1.520000 0.984228
1.530000 0.983221
1.540000 0.982769
1.550000 0.982012
1.560000 0.981765
1.570000 0.981315
1.580000 0.980181
1.590000 0.979166
1.600000 0.978261
1.610000 0.977719
1.620000 0.976999
1.630000 0.975542
1.640000 0.974996
1.650000 0.974715
1.660000 0.973198
1.670000 0.971653
1.680000 0.970854
1.690000 0.969495
1.700000 0.968168
1.710000 0.967758
1.720000 0.966548
1.730000 0.966254
1.740000 0.964017
1.750000 0.962831
1.760000 0.961704
1.770000 0.959804
1.780000 0.958461
1.790000 0.957009
1.800000 0.955955
1.810000 0.955025
1.820000 0.952090
1.830000 0.950393
1.840000 0.949044
1.850000 0.947747
1.860000 0.945490
1.870000 0.944780
1.880000 0.940703
1.890000 0.938755
1.900000 0.937663
1.910000 0.934492
1.920000 0.931819
1.930000 0.931585
1.940000 0.925612
1.950000 0.927057
1.960000 0.921835
1.970000 0.919185
1.980000 0.917135
1.990000 0.914579
2.000000 0.912179
2.010000 0.906465
2.020000 0.901450
2.030000 0.900215
2.040000 0.898337
2.050000 0.890421
2.060000 0.889124
2.070000 0.882757
2.080000 0.878939
2.090000 0.875236
2.100000 0.868051
2.110000 0.863503
2.120000 0.859967
2.130000 0.846857
2.140000 0.844684
2.150000 0.825167
2.160000 0.829857
2.170000 0.797156
2.180000 0.805767
2.190000 0.803400
2.200000 0.790367
2.210000 0.774557
2.220000 0.750403
2.230000 0.739761
2.240000 0.737888
2.250000 0.722786
2.260000 0.713060
2.270000 0.715732
2.280000 0.678533
2.290000 0.675527
2.300000 0.623292
2.310000 0.591768
2.320000 0.629942
2.330000 0.583190
2.340000 0.557078
2.350000 0.557427
2.360000 0.523957
2.370000 0.482075
2.380000 0.485262
2.390000 0.441134
2.400000 0.468838
2.410000 0.423617
2.420000 0.379681
2.430000 0.413624
2.440000 0.432426
2.450000 0.385819
2.460000 0.343185
2.470000 0.347296
2.480000 0.349390
2.490000 0.355322
2.500000 0.309754
2.510000 0.325690
2.520000 0.288828
2.530000 0.304706
2.540000 0.282455
2.550000 0.269970
2.560000 0.272362
2.570000 0.233699
2.580000 0.261365
2.590000 0.230539
2.600000 0.238842
2.610000 0.234368
2.620000 0.225039
2.630000 0.249430
2.640000 0.230765
2.650000 0.218172
2.660000 0.215411
2.670000 0.210600
2.680000 0.225541
2.690000 0.195268
2.700000 0.197851
2.710000 0.190866
2.720000 0.190674
2.730000 0.183992
2.740000 0.181605
2.750000 0.178854
2.760000 0.175581
2.770000 0.174201
2.780000 0.182171
2.790000 0.178562
2.800000 0.171804
2.810000 0.172644
2.820000 0.169055
2.830000 0.164365
2.840000 0.165825
2.850000 0.157574
2.860000 0.156916
2.870000 0.152471
2.880000 0.159532
2.890000 0.154997
2.900000 0.150833
2.910000 0.154535
2.920000 0.153431
2.930000 0.146923
2.940000 0.144033
2.950000 0.147209
2.960000 0.138205
2.970000 0.134855
2.980000 0.144463
2.990000 0.135935
3.000000 0.137197
