# N: 10
#T M
1.500000 0.985842
1.510000 0.983374
1.520000 0.983830
1.530000 0.983066
1.540000 0.982566
1.550000 0.981790
1.560000 0.981214
1.570000 0.980506
1.580000 0.980008
1.590000 0.979340
1.600000 0.978858
1.610000 0.977224
1.620000 0.976250
1.630000 0.974982
1.640000 0.975686
1.650000 0.974226
1.660000 0.972624
1.670000 0.971504
1.680000 0.970750
1.690000 0.969966
1.700000 0.969960
1.710000 0.968234
1.720000 0.966142
1.730000 0.966326
1.740000 0.963422
1.750000 0.962288
1.760000 0.963034
1.770000 0.959550
1.780000 0.956220
1.790000 0.958060
1.800000 0.957096
1.810000 0.955580
1.820000 0.951408
1.830000 0.951336
1.840000 0.949348
1.850000 0.946680
1.860000 0.945040
1.870000 0.944858
1.880000 0.943604
1.890000 0.938588
1.900000 0.939544
1.910000 0.932412
1.920000 0.933248
1.930000 0.930416
1.940000 0.929834
1.950000 0.927246
1.960000 0.923448
1.970000 0.919960
1.980000 0.913872
1.990000 0.910006
2.000000 0.906346
2.010000 0.909680
2.020000 0.904936
2.030000 0.907322
2.040000 0.898928
2.050000 0.877996
2.060000 0.893218
2.070000 0.883552
2.080000 0.877758
2.090000 0.877712
2.100000 0.866070
2.110000 0.859780
2.120000 0.863282
2.130000 0.854572
2.140000 0.849478
2.150000 0.848530
2.160000 0.838958
2.170000 0.841860
2.180000 0.816940
2.190000 0.818742
2.200000 0.792352
2.210000 0.795670
2.220000 0.795654
2.230000 0.793546
2.240000 0.780578
2.250000 0.774734
2.260000 0.759798
2.270000 0.732432
2.280000 0.759194
2.290000 0.735128
2.300000 0.737490
2.310000 0.721042
2.320000 0.699510
2.330000 0.705470
2.340000 0.682642
2.350000 0.659028
2.360000 0.693010
2.370000 0.670476
2.380000 0.617458
2.390000 0.622188
2.400000 0.619478
2.410000 0.640002
2.420000 0.616722
2.430000 0.599794
2.440000 0.571056
2.450000 0.580228
2.460000 0.563908
2.470000 0.581846
2.480000 0.531870
2.490000 0.537324
2.500000 0.525502
2.510000 0.538422
2.520000 0.499234
2.530000 0.504246
2.540000 0.498800
2.550000 0.519336
2.560000 0.462658
2.570000 0.490502
2.580000 0.471242
2.590000 0.445126
2.600000 0.458854
2.610000 0.437074
2.620000 0.433416
2.630000 0.439360
2.640000 0.416396
2.650000 0.416786
2.660000 0.419496
2.670000 0.410434
2.680000 0.411260
2.690000 0.399364
2.700000 0.397452
2.710000 0.381058
2.720000 0.384762
2.730000 0.379634
2.740000 0.362176
2.750000 0.367862
2.760000 0.342002
2.770000 0.343670
2.780000 0.356144
2.790000 0.349810
2.800000 0.345808
2.810000 0.323690
2.820000 0.335426
2.830000 0.326888
2.840000 0.314280
2.850000 0.324444
2.860000 0.326824
2.870000 0.306052
2.880000 0.308506
2.890000 0.299764
2.900000 0.317106
2.910000 0.296486
2.920000 0.300578
2.930000 0.301484
2.940000 0.288862
2.950000 0.291958
2.960000 0.290210
2.970000 0.283970
2.980000 0.293896
2.990000 0.269474
3.000000 0.255856
