# N: 30
#T M
1.500000 0.980368
1.510000 0.985964
1.520000 0.984865
1.530000 0.984577
1.540000 0.983688
1.550000 0.983178
1.560000 0.982368
1.570000 0.981921
1.580000 0.980771
1.590000 0.980075
1.600000 0.979422
1.610000 0.978671
1.620000 0.977920
1.630000 0.976644
1.640000 0.976093
1.650000 0.974978
1.660000 0.974250
1.670000 0.973386
1.680000 0.971721
1.690000 0.970998
1.700000 0.969981
1.710000 0.968824
1.720000 0.967967
1.730000 0.966071
1.740000 0.965074
1.750000 0.963771
1.760000 0.962731
1.770000 0.961231
1.780000 0.959350
1.790000 0.958480
1.800000 0.956544
1.810000 0.955644
1.820000 0.952900
1.830000 0.951922
1.840000 0.950552
1.850000 0.948101
1.860000 0.945565
1.870000 0.944601
1.880000 0.942031
1.890000 0.940414
1.900000 0.938251
1.910000 0.937606
1.920000 0.933378
1.930000 0.931712
1.940000 0.929244
1.950000 0.925072
1.960000 0.923203
1.970000 0.920160
1.980000 0.917577
1.990000 0.913932
2.000000 0.911551
2.010000 0.905640
2.020000 0.902854
2.030000 0.900702
2.040000 0.895260
2.050000 0.891732
2.060000 0.890786
2.070000 0.881724
2.080000 0.878808
2.090000 0.874471
2.100000 0.865301
2.110000 0.863869
2.120000 0.861009
2.130000 0.856995
2.140000 0.835338
2.150000 0.828597
2.160000 0.829632
2.170000 0.815101
2.180000 0.805442
2.190000 0.788953
2.200000 0.798101
2.210000 0.761626
2.220000 0.758109
2.230000 0.733346
2.240000 0.749203
2.250000 0.729588
2.260000 0.700622
2.270000 0.704109
2.280000 0.652188
2.290000 0.571952
2.300000 0.567522
2.310000 0.555872
2.320000 0.561132
2.330000 0.471744
2.340000 0.470570
2.350000 0.446153
2.360000 0.491415
2.370000 0.356773
2.380000 0.380221
2.390000 0.357133
2.400000 0.273302
2.410000 0.293147
2.420000 0.283583
2.430000 0.265198
2.440000 0.261222
2.450000 0.256772
2.460000 0.273742
2.470000 0.219536
2.480000 0.235070
2.490000 0.212647
2.500000 0.228228
2.510000 0.218030
2.520000 0.188581
2.530000 0.173119
2.540000 0.185204
2.550000 0.173962
2.560000 0.170759
2.570000 0.175327
2.580000 0.173193
2.590000 0.178485
2.600000 0.153187
2.610000 0.155379
2.620000 0.164468
2.630000 0.168001
2.640000 0.150944
2.650000 0.133310
2.660000 0.144221
2.670000 0.144117
2.680000 0.131582
2.690000 0.132704
2.700000 0.128716
2.710000 0.133631
2.720000 0.124239
2.730000 0.125754
2.740000 0.119124
2.750000 0.114288
2.760000 0.116944
2.770000 0.121598
2.780000 0.114742
2.790000 0.114396
2.800000 0.113457
2.810000 0.115312
2.820000 0.107548
2.830000 0.110118
2.840000 0.106505
2.850000 0.109335
2.860000 0.108636
2.870000 0.105680
2.880000 0.105973
2.890000 0.099203
2.900000 0.098832
2.910000 0.101704
2.920000 0.093210
2.930000 0.091088
2.940000 0.101009
2.950000 0.092105
2.960000 0.093884
2.970000 0.092505
2.980000 0.098156
2.990000 0.090161
3.000000 0.088616
