# N: 30
#T X
1.500000 -0.375775
1.510000 -0.376337
1.520000 -0.373031
1.530000 -0.370375
1.540000 -0.367308
1.550000 -0.364561
1.560000 -0.361628
1.570000 -0.358999
1.580000 -0.355894
1.590000 -0.353155
1.600000 -0.350481
1.610000 -0.347771
1.620000 -0.345097
1.630000 -0.342089
1.640000 -0.339618
1.650000 -0.336791
1.660000 -0.334264
1.670000 -0.331675
1.680000 -0.328579
1.690000 -0.326147
1.700000 -0.323553
1.710000 -0.320899
1.720000 -0.318467
1.730000 -0.315396
1.740000 -0.312936
1.750000 -0.310312
1.760000 -0.307884
1.770000 -0.305194
1.780000 -0.302301
1.790000 -0.300069
1.800000 -0.297201
1.810000 -0.295003
1.820000 -0.291711
1.830000 -0.289518
1.840000 -0.287125
1.850000 -0.284116
1.860000 -0.281087
1.870000 -0.279010
1.880000 -0.276035
1.890000 -0.273632
1.900000 -0.270943
1.910000 -0.269159
1.920000 -0.265356
1.930000 -0.263047
1.940000 -0.260331
1.950000 -0.256696
1.960000 -0.254357
1.970000 -0.251412
1.980000 -0.248754
1.990000 -0.245553
2.000000 -0.243054
2.010000 -0.238833
2.020000 -0.236215
2.030000 -0.233885
2.040000 -0.230016
2.050000 -0.227112
2.060000 -0.225517
2.070000 -0.220006
2.080000 -0.217490
2.090000 -0.214321
2.100000 -0.209098
2.110000 -0.207225
2.120000 -0.204939
2.130000 -0.202118
2.140000 -0.191939
2.150000 -0.188400
2.160000 -0.187290
2.170000 -0.180283
2.180000 -0.175588
2.190000 -0.167970
2.200000 -0.170771
2.210000 -0.156447
2.220000 -0.154257
2.230000 -0.145658
2.240000 -0.148794
2.250000 -0.142277
2.260000 -0.131488
2.270000 -0.132164
2.280000 -0.115620
2.290000 -0.096145
2.300000 -0.092725
2.310000 -0.088737
2.320000 -0.088449
2.330000 -0.066749
2.340000 -0.067077
2.350000 -0.060033
2.360000 -0.069983
2.370000 -0.042280
2.380000 -0.044748
2.390000 -0.040398
2.400000 -0.026347
2.410000 -0.028624
2.420000 -0.027734
2.430000 -0.023273
2.440000 -0.023458
2.450000 -0.022698
2.460000 -0.024712
2.470000 -0.016747
2.480000 -0.018514
2.490000 -0.015628
2.500000 -0.017352
2.510000 -0.015663
2.520000 -0.012343
2.530000 -0.010258
2.540000 -0.011700
2.550000 -0.010678
2.560000 -0.009881
2.570000 -0.010144
2.580000 -0.009873
2.590000 -0.010542
2.600000 -0.008230
2.610000 -0.008109
2.620000 -0.008944
2.630000 -0.009378
2.640000 -0.007654
2.650000 -0.006159
2.660000 -0.006742
2.670000 -0.006802
2.680000 -0.005688
2.690000 -0.005690
2.700000 -0.005654
2.710000 -0.005920
2.720000 -0.005229
2.730000 -0.005081
2.740000 -0.004592
2.750000 -0.004209
2.760000 -0.004423
2.770000 -0.004737
2.780000 -0.004231
2.790000 -0.004195
2.800000 -0.004082
2.810000 -0.004111
2.820000 -0.003601
2.830000 -0.003815
2.840000 -0.003501
2.850000 -0.003703
2.860000 -0.003583
2.870000 -0.003426
2.880000 -0.003453
2.890000 -0.003009
2.900000 -0.003001
2.910000 -0.003141
2.920000 -0.002703
2.930000 -0.002514
2.940000 -0.003092
2.950000 -0.002608
2.960000 -0.002710
2.970000 -0.002571
2.980000 -0.002856
2.990000 -0.002445
3.000000 -0.002343
