# N: 10
#T X
1.500000 0.096981
1.510000 0.104563
1.520000 0.100533
1.530000 0.101381
1.540000 0.103129
1.550000 0.102656
1.560000 0.103027
1.570000 0.104629
1.580000 0.107747
1.590000 0.107349
1.600000 0.106287
1.610000 0.111080
1.620000 0.112607
1.630000 0.114615
1.640000 0.110576
1.650000 0.117789
1.660000 0.120039
1.670000 0.124723
1.680000 0.120591
1.690000 0.133776
1.700000 0.122993
1.710000 0.133952
1.720000 0.142940
1.730000 0.133694
1.740000 0.137003
1.750000 0.150805
1.760000 0.142857
1.770000 0.164859
1.780000 0.174924
1.790000 0.152434
1.800000 0.161794
1.810000 0.164879
1.820000 0.182467
1.830000 0.192642
1.840000 0.177234
1.850000 0.195150
1.860000 0.210041
1.870000 0.188011
1.880000 0.192663
1.890000 0.254049
1.900000 0.216335
1.910000 0.288622
1.920000 0.241768
1.930000 0.261115
1.940000 0.253912
1.950000 0.289704
1.960000 0.284312
1.970000 0.318303
1.980000 0.374027
1.990000 0.482597
2.000000 0.475389
2.010000 0.376608
2.020000 0.400580
2.030000 0.365692
2.040000 0.464179
2.050000 0.861202
2.060000 0.487276
2.070000 0.590653
2.080000 0.688841
2.090000 0.735777
2.100000 0.884758
2.110000 0.943501
2.120000 0.722728
2.130000 0.929941
2.140000 1.002507
2.150000 0.898999
2.160000 1.033652
2.170000 0.847461
2.180000 1.396125
2.190000 1.196850
2.200000 1.674167
2.210000 1.571954
2.220000 1.491746
2.230000 1.461847
2.240000 1.490859
2.250000 1.601998
2.260000 1.794885
2.270000 2.085449
2.280000 1.623110
2.290000 1.911624
2.300000 1.869380
2.310000 2.061932
2.320000 2.273885
2.330000 2.221386
2.340000 2.335851
2.350000 2.500185
2.360000 2.171477
2.370000 2.410607
2.380000 2.796214
2.390000 2.678886
2.400000 2.666731
2.410000 2.367003
2.420000 2.556728
2.430000 2.601475
2.440000 2.881230
2.450000 2.635110
2.460000 2.778488
2.470000 2.522957
2.480000 2.738837
2.490000 2.763427
2.500000 2.751837
2.510000 2.562790
2.520000 2.604382
2.530000 2.641525
2.540000 2.619543
2.550000 2.487729
2.560000 2.519944
2.570000 2.487474
2.580000 2.414275
2.590000 2.440158
2.600000 2.296176
2.610000 2.365114
2.620000 2.382947
2.630000 2.384213
2.640000 2.284747
2.650000 2.118945
2.660000 2.255807
2.670000 2.199475
2.680000 2.163245
2.690000 2.188232
2.700000 2.121280
2.710000 2.023553
2.720000 1.939038
2.730000 2.001673
2.740000 1.888718
2.750000 1.831837
2.760000 1.759259
2.770000 1.780026
2.780000 1.800541
2.790000 1.780601
2.800000 1.821718
2.810000 1.703053
2.820000 1.641410
2.830000 1.601326
2.840000 1.503507
2.850000 1.575139
2.860000 1.522889
2.870000 1.466755
2.880000 1.499756
2.890000 1.399240
2.900000 1.498753
2.910000 1.358772
2.920000 1.402935
2.930000 1.415570
2.940000 1.310944
2.950000 1.339903
2.960000 1.287539
2.970000 1.262617
2.980000 1.341807
2.990000 1.155413
3.000000 1.128470
