# N: 20
#T X
1.500000 0.315102
1.510000 0.311231
1.520000 0.311366
1.530000 0.309555
1.540000 0.307854
1.550000 0.309398
1.560000 0.308868
1.570000 0.307780
1.580000 0.308667
1.590000 0.306974
1.600000 0.312234
1.610000 0.306864
1.620000 0.306076
1.630000 0.312566
1.640000 0.306259
1.650000 0.303256
1.660000 0.309635
1.670000 0.311755
1.680000 0.308276
1.690000 0.312272
1.700000 0.322661
1.710000 0.315207
1.720000 0.322969
1.730000 0.310178
1.740000 0.318119
1.750000 0.322340
1.760000 0.315964
1.770000 0.338077
1.780000 0.326832
1.790000 0.336845
1.800000 0.335253
1.810000 0.330285
1.820000 0.350911
1.830000 0.347871
1.840000 0.351535
1.850000 0.353252
1.860000 0.367333
1.870000 0.361281
1.880000 0.382545
1.890000 0.406942
1.900000 0.403981
1.910000 0.414283
1.920000 0.445258
1.930000 0.412875
1.940000 0.589538
1.950000 0.436889
1.960000 0.465666
1.970000 0.473430
1.980000 0.497908
1.990000 0.500876
2.000000 0.494644
2.010000 0.557846
2.020000 0.687409
2.030000 0.601044
2.040000 0.586324
2.050000 0.728390
2.060000 0.815807
2.070000 0.787298
2.080000 0.766782
2.090000 0.837432
2.100000 1.038157
2.110000 1.050251
2.120000 1.077789
2.130000 1.238413
2.140000 1.906285
2.150000 2.020928
2.160000 1.491879
2.170000 4.036036
2.180000 2.939871
2.190000 2.384780
2.200000 3.303889
2.210000 3.339124
2.220000 6.063039
2.230000 4.889092
2.240000 4.015204
2.250000 5.936287
2.260000 5.721143
2.270000 4.040959
2.280000 6.103118
2.290000 6.091927
2.300000 8.619318
2.310000 8.468285
2.320000 6.341155
2.330000 9.118233
2.340000 8.896150
2.350000 8.710827
2.360000 10.045984
2.370000 8.973557
2.380000 8.938909
2.390000 9.461065
2.400000 9.179142
2.410000 9.179829
2.420000 8.349271
2.430000 7.935892
2.440000 7.698938
2.450000 8.665885
2.460000 7.562893
2.470000 6.805058
2.480000 7.318597
2.490000 6.732239
2.500000 5.936102
2.510000 6.447789
2.520000 5.645123
2.530000 6.379082
2.540000 5.301581
2.550000 5.470930
2.560000 5.058990
2.570000 4.111829
2.580000 4.615713
2.590000 4.199550
2.600000 4.423374
2.610000 3.951230
2.620000 4.066485
2.630000 4.656973
2.640000 4.036178
2.650000 3.736503
2.660000 3.429610
2.670000 3.458320
2.680000 3.451185
2.690000 2.883686
2.700000 2.821854
2.710000 2.685243
2.720000 2.750173
2.730000 2.629785
2.740000 2.668725
2.750000 2.471456
2.760000 2.298132
2.770000 2.296803
2.780000 2.367960
2.790000 2.207874
2.800000 2.201625
2.810000 2.077499
2.820000 2.282868
2.830000 2.030004
2.840000 2.074826
2.850000 1.779485
2.860000 1.752512
2.870000 1.802538
2.880000 1.943323
2.890000 1.752996
2.900000 1.598085
2.910000 1.762108
2.920000 1.755839
2.930000 1.550798
2.940000 1.623718
2.950000 1.608881
2.960000 1.433233
2.970000 1.316008
2.980000 1.527334
2.990000 1.350703
3.000000 1.376031
