# Inicializacao da floresta (0 = sem arvore , 1 = com arvore , 2 = com fogo)
# sitio estado
0 2
1 0
2 2
3 0
4 0
5 2
6 2
7 0
8 0
9 0
10 2
11 0
12 0
13 0
14 2
15 2
16 2
17 2
18 2
19 2
20 0
21 2
22 2
23 2
24 2
25 2
26 0
27 0
28 0
29 0
30 2
31 0
32 2
33 2
34 2
35 0
36 0
37 0
38 0
39 2
40 0
41 0
42 0
43 0
44 0
45 2
46 2
47 2
48 0
49 2
50 0
51 0
52 0
53 0
54 0
55 1
56 1
57 1
58 0
59 1
60 1
61 1
62 0
63 1
64 1
65 0
66 1
67 1
68 0
69 0
70 0
71 0
72 1
73 1
74 0
75 1
76 1
77 0
78 0
79 1
80 0
81 1
82 0
83 0
84 0
85 1
86 1
87 1
88 1
89 0
90 0
91 0
92 0
93 1
94 1
95 0
96 1
97 1
98 0
99 0
100 1
101 0
102 1
103 0
104 0
105 1
106 1
107 1
108 0
109 0
110 1
111 0
112 0
113 0
114 1
115 1
116 0
117 1
118 1
119 0
120 0
121 1
122 1
123 0
124 0
125 0
126 0
127 1
128 1
129 1
130 0
131 1
132 0
133 0
134 1
135 1
136 0
137 0
138 0
139 1
140 1
141 1
142 0
143 1
144 1
145 1
146 0
147 1
148 0
149 0
150 1
151 0
152 0
153 1
154 0
155 0
156 1
157 0
158 0
159 1
160 0
161 1
162 0
163 0
164 0
165 1
166 0
167 1
168 1
169 0
170 1
171 0
172 1
173 1
174 1
175 0
176 0
177 0
178 0
179 0
180 1
181 1
182 1
183 1
184 0
185 0
186 1
187 1
188 0
189 1
190 1
191 1
192 0
193 0
194 0
195 1
196 1
197 1
198 0
199 1
200 1
201 1
202 0
203 0
204 0
205 1
206 0
207 0
208 0
209 0
210 1
211 1
212 1
213 0
214 1
215 0
216 1
217 0
218 1
219 1
220 0
221 1
222 0
223 1
224 1
225 0
226 1
227 1
228 0
229 0
230 1
231 1
232 0
233 0
234 0
235 0
236 0
237 0
238 0
239 1
240 1
241 0
242 0
243 0
244 1
245 1
246 0
247 0
248 0
249 1
250 1
251 1
252 0
253 0
254 0
255 0
256 0
257 1
258 0
259 0
260 0
261 0
262 0
263 1
264 0
265 0
266 1
267 0
268 1
269 1
270 1
271 0
272 0
273 0
274 1
275 1
276 1
277 1
278 0
279 0
280 0
281 1
282 1
283 1
284 1
285 0
286 1
287 1
288 0
289 1
290 0
291 0
292 0
293 0
294 1
295 0
296 1
297 1
298 0
299 0
300 0
301 0
302 1
303 0
304 0
305 1
306 1
307 0
308 1
309 1
310 0
311 0
312 0
313 1
314 1
315 1
316 1
317 0
318 0
319 1
320 0
321 0
322 0
323 1
324 1
325 0
326 1
327 0
328 0
329 1
330 0
331 1
332 1
333 0
334 0
335 1
336 0
337 0
338 1
339 1
340 1
341 0
342 0
343 0
344 1
345 1
346 1
347 0
348 1
349 0
350 0
351 0
352 0
353 0
354 1
355 1
356 0
357 0
358 1
359 1
360 1
361 0
362 1
363 1
364 1
365 0
366 0
367 0
368 0
369 0
370 0
371 0
372 1
373 0
374 1
375 1
376 1
377 0
378 1
379 1
380 0
381 1
382 0
383 1
384 1
385 1
386 0
387 1
388 1
389 0
390 0
391 0
392 0
393 0
394 1
395 0
396 1
397 0
398 1
399 1
400 0
401 0
402 1
403 1
404 0
405 1
406 1
407 1
408 0
409 1
410 1
411 1
412 0
413 1
414 1
415 1
416 1
417 0
418 1
419 1
420 0
421 0
422 0
423 0
424 0
425 1
426 1
427 1
428 0
429 0
430 1
431 1
432 0
433 1
434 0
435 0
436 1
437 0
438 1
439 0
440 0
441 0
442 0
443 1
444 1
445 1
446 1
447 1
448 1
449 0
450 0
451 1
452 0
453 0
454 0
455 0
456 0
457 0
458 1
459 0
460 0
461 0
462 1
463 0
464 0
465 0
466 1
467 0
468 0
469 1
470 1
471 1
472 0
473 0
474 1
475 0
476 1
477 0
478 1
479 1
480 1
481 0
482 0
483 1
484 0
485 1
486 1
487 0
488 1
489 0
490 0
491 0
492 1
493 1
494 1
495 0
496 1
497 1
498 1
499 0
500 1
501 1
502 1
503 1
504 1
505 0
506 0
507 0
508 1
509 0
510 0
511 0
512 0
513 1
514 0
515 0
516 1
517 0
518 0
519 1
520 0
521 0
522 0
523 0
524 1
525 1
526 1
527 1
528 0
529 1
530 1
531 1
532 0
533 1
534 1
535 1
536 0
537 1
538 0
539 0
540 1
541 0
542 1
543 0
544 0
545 1
546 0
547 0
548 1
549 0
550 1
551 0
552 0
553 1
554 0
555 0
556 1
557 1
558 1
559 1
560 0
561 0
562 0
563 0
564 1
565 1
566 0
567 1
568 1
569 0
570 1
571 0
572 0
573 0
574 0
575 1
576 1
577 1
578 0
579 0
580 1
581 0
582 1
583 0
584 1
585 0
586 0
587 1
588 0
589 1
590 1
591 1
592 1
593 1
594 1
595 0
596 1
597 1
598 1
599 0
600 0
601 1
602 0
603 0
604 0
605 0
606 1
607 0
608 1
609 0
610 1
611 0
612 0
613 0
614 0
615 0
616 1
617 1
618 1
619 0
620 1
621 1
622 1
623 0
624 1
625 1
626 1
627 1
628 1
629 0
630 0
631 0
632 1
633 1
634 0
635 0
636 0
637 0
638 1
639 0
640 0
641 1
642 1
643 1
644 1
645 0
646 1
647 1
648 1
649 1
650 0
651 0
652 1
653 0
654 0
655 0
656 0
657 0
658 0
659 1
660 0
661 1
662 0
663 0
664 0
665 0
666 0
667 1
668 1
669 1
670 1
671 1
672 0
673 1
674 0
675 1
676 0
677 0
678 0
679 1
680 0
681 0
682 0
683 0
684 1
685 0
686 0
687 0
688 0
689 0
690 0
691 1
692 0
693 1
694 1
695 0
696 0
697 1
698 0
699 1
700 1
701 0
702 0
703 1
704 1
705 0
706 1
707 0
708 1
709 0
710 0
711 1
712 0
713 0
714 1
715 1
716 1
717 0
718 0
719 0
720 1
721 0
722 1
723 0
724 1
725 1
726 0
727 1
728 1
729 0
730 1
731 1
732 1
733 1
734 0
735 1
736 1
737 1
738 1
739 0
740 0
741 1
742 0
743 0
744 0
745 0
746 1
747 1
748 1
749 1
750 0
751 1
752 1
753 0
754 0
755 0
756 0
757 0
758 1
759 0
760 0
761 0
762 0
763 0
764 0
765 0
766 0
767 0
768 1
769 1
770 1
771 0
772 1
773 1
774 1
775 0
776 0
777 1
778 1
779 1
780 0
781 0
782 1
783 1
784 1
785 1
786 1
787 0
788 0
789 1
790 0
791 0
792 1
793 1
794 1
795 1
796 0
797 0
798 1
799 0
800 1
801 0
802 0
803 0
804 1
805 1
806 1
807 0
808 1
809 1
810 0
811 1
812 0
813 0
814 1
815 1
816 0
817 0
818 0
819 0
820 0
821 0
822 0
823 1
824 0
825 1
826 0
827 0
828 1
829 0
830 1
831 0
832 0
833 0
834 0
835 1
836 0
837 0
838 0
839 1
840 0
841 0
842 0
843 0
844 0
845 1
846 1
847 0
848 0
849 1
850 1
851 1
852 0
853 0
854 0
855 1
856 0
857 1
858 0
859 0
860 1
861 1
862 0
863 1
864 0
865 1
866 1
867 0
868 1
869 1
870 0
871 1
872 1
873 1
874 0
875 1
876 1
877 0
878 0
879 1
880 1
881 1
882 1
883 1
884 0
885 0
886 0
887 0
888 0
889 0
890 0
891 0
892 0
893 1
894 1
895 1
896 0
897 0
898 1
899 1
900 0
901 0
902 1
903 1
904 0
905 1
906 1
907 1
908 1
909 0
910 1
911 0
912 0
913 0
914 0
915 0
916 0
917 1
918 0
919 1
920 0
921 0
922 1
923 1
924 1
925 1
926 0
927 1
928 0
929 1
930 1
931 1
932 1
933 1
934 1
935 0
936 0
937 0
938 1
939 1
940 1
941 0
942 1
943 1
944 0
945 1
946 0
947 1
948 0
949 0
950 0
951 1
952 1
953 0
954 0
955 0
956 1
957 0
958 0
959 1
960 0
961 1
962 0
963 0
964 0
965 1
966 0
967 0
968 0
969 0
970 0
971 1
972 1
973 1
974 1
975 0
976 1
977 0
978 0
979 1
980 1
981 1
982 0
983 1
984 1
985 0
986 0
987 1
988 0
989 0
990 1
991 1
992 0
993 1
994 1
995 1
996 1
997 0
998 1
999 1
1000 0
1001 1
1002 0
1003 1
1004 0
1005 1
1006 1
1007 1
1008 1
1009 0
1010 0
1011 0
1012 0
1013 0
1014 1
1015 1
1016 1
1017 1
1018 1
1019 1
1020 0
1021 0
1022 0
1023 0
1024 0
1025 0
1026 0
1027 0
1028 0
1029 0
1030 1
1031 1
1032 1
1033 1
1034 0
1035 0
1036 0
1037 1
1038 0
1039 0
1040 0
1041 0
1042 1
1043 0
1044 1
1045 0
1046 0
1047 0
1048 1
1049 0
1050 1
1051 1
1052 1
1053 1
1054 1
1055 0
1056 0
1057 1
1058 0
1059 0
1060 1
1061 1
1062 0
1063 1
1064 0
1065 0
1066 0
1067 1
1068 0
1069 0
1070 0
1071 0
1072 1
1073 0
1074 1
1075 1
1076 1
1077 0
1078 1
1079 1
1080 1
1081 0
1082 1
1083 0
1084 1
1085 0
1086 0
1087 1
1088 1
1089 0
1090 0
1091 0
1092 1
1093 1
1094 0
1095 1
1096 1
1097 1
1098 0
1099 0
1100 0
1101 0
1102 0
1103 1
1104 0
1105 0
1106 1
1107 0
1108 1
1109 1
1110 0
1111 1
1112 0
1113 1
1114 0
1115 1
1116 0
1117 1
1118 0
1119 0
1120 0
1121 0
1122 1
1123 0
1124 0
1125 0
1126 1
1127 0
1128 1
1129 0
1130 1
1131 1
1132 1
1133 0
1134 1
1135 1
1136 1
1137 1
1138 0
1139 0
1140 1
1141 0
1142 1
1143 0
1144 1
1145 0
1146 0
1147 1
1148 0
1149 1
1150 0
1151 1
1152 0
1153 1
1154 1
1155 1
1156 0
1157 0
1158 0
1159 0
1160 0
1161 1
1162 1
1163 1
1164 1
1165 1
1166 0
1167 1
1168 0
1169 0
1170 0
1171 1
1172 1
1173 0
1174 0
1175 1
1176 1
1177 0
1178 0
1179 1
1180 1
1181 1
1182 0
1183 0
1184 1
1185 0
1186 1
1187 0
1188 1
1189 1
1190 1
1191 1
1192 1
1193 0
1194 1
1195 1
1196 1
1197 1
1198 0
1199 1
1200 1
1201 0
1202 0
1203 1
1204 1
1205 1
1206 0
1207 0
1208 0
1209 0
1210 0
1211 0
1212 0
1213 1
1214 0
1215 1
1216 0
1217 0
1218 1
1219 0
1220 1
1221 1
1222 1
1223 1
1224 1
1225 0
1226 1
1227 1
1228 1
1229 0
1230 0
1231 0
1232 0
1233 1
1234 0
1235 0
1236 0
1237 1
1238 1
1239 1
1240 1
1241 1
1242 1
1243 0
1244 1
1245 1
1246 1
1247 1
1248 0
1249 1
1250 1
1251 0
1252 1
1253 0
1254 1
1255 0
1256 1
1257 1
1258 1
1259 0
1260 1
1261 0
1262 1
1263 0
1264 0
1265 0
1266 0
1267 0
1268 1
1269 1
1270 0
1271 0
1272 0
1273 1
1274 0
1275 0
1276 1
1277 0
1278 0
1279 1
1280 1
1281 0
1282 0
1283 0
1284 0
1285 1
1286 1
1287 1
1288 0
1289 1
1290 1
1291 1
1292 1
1293 0
1294 0
1295 0
1296 0
1297 1
1298 0
1299 1
1300 0
1301 1
1302 1
1303 0
1304 0
1305 1
1306 1
1307 1
1308 1
1309 1
1310 0
1311 0
1312 0
1313 0
1314 0
1315 1
1316 0
1317 1
1318 0
1319 0
1320 1
1321 1
1322 1
1323 1
1324 0
1325 0
1326 0
1327 0
1328 0
1329 0
1330 0
1331 0
1332 0
1333 0
1334 1
1335 1
1336 0
1337 1
1338 1
1339 1
1340 0
1341 1
1342 1
1343 1
1344 0
1345 0
1346 0
1347 1
1348 1
1349 0
1350 0
1351 1
1352 1
1353 1
1354 1
1355 0
1356 1
1357 1
1358 1
1359 1
1360 0
1361 0
1362 1
1363 1
1364 1
1365 1
1366 0
1367 1
1368 0
1369 1
1370 1
1371 0
1372 1
1373 1
1374 1
1375 0
1376 0
1377 0
1378 0
1379 1
1380 0
1381 0
1382 0
1383 0
1384 0
1385 0
1386 1
1387 0
1388 1
1389 1
1390 1
1391 1
1392 1
1393 0
1394 1
1395 0
1396 1
1397 0
1398 1
1399 1
1400 0
1401 1
1402 1
1403 0
1404 0
1405 1
1406 0
1407 1
1408 0
1409 0
1410 1
1411 1
1412 1
1413 0
1414 1
1415 1
1416 1
1417 1
1418 0
1419 0
1420 0
1421 0
1422 1
1423 1
1424 0
1425 0
1426 1
1427 0
1428 0
1429 0
1430 0
1431 0
1432 0
1433 1
1434 0
1435 1
1436 0
1437 0
1438 1
1439 0
1440 1
1441 1
1442 1
1443 0
1444 1
1445 1
1446 1
1447 1
1448 0
1449 0
1450 1
1451 1
1452 1
1453 0
1454 1
1455 0
1456 0
1457 0
1458 0
1459 1
1460 1
1461 1
1462 0
1463 0
1464 0
1465 1
1466 1
1467 0
1468 1
1469 0
1470 1
1471 0
1472 0
1473 1
1474 1
1475 1
1476 0
1477 0
1478 1
1479 1
1480 1
1481 1
1482 1
1483 0
1484 0
1485 1
1486 1
1487 0
1488 1
1489 0
1490 1
1491 1
1492 1
1493 1
1494 0
1495 0
1496 1
1497 1
1498 0
1499 0
1500 1
1501 0
1502 0
1503 1
1504 1
1505 1
1506 1
1507 1
1508 1
1509 0
1510 1
1511 1
1512 0
1513 1
1514 1
1515 0
1516 1
1517 0
1518 1
1519 1
1520 0
1521 1
1522 1
1523 0
1524 0
1525 1
1526 0
1527 1
1528 0
1529 0
1530 1
1531 1
1532 1
1533 1
1534 1
1535 0
1536 0
1537 1
1538 1
1539 0
1540 0
1541 1
1542 1
1543 0
1544 0
1545 0
1546 1
1547 1
1548 1
1549 1
1550 1
1551 1
1552 0
1553 1
1554 1
1555 1
1556 1
1557 1
1558 1
1559 1
1560 1
1561 1
1562 1
1563 0
1564 0
1565 0
1566 1
1567 0
1568 1
1569 1
1570 1
1571 0
1572 1
1573 0
1574 1
1575 1
1576 0
1577 0
1578 0
1579 0
1580 1
1581 1
1582 1
1583 0
1584 0
1585 0
1586 0
1587 1
1588 0
1589 1
1590 1
1591 0
1592 1
1593 1
1594 1
1595 0
1596 0
1597 1
1598 1
1599 0
1600 1
1601 1
1602 0
1603 1
1604 0
1605 1
1606 1
1607 1
1608 0
1609 0
1610 0
1611 0
1612 1
1613 1
1614 0
1615 1
1616 0
1617 0
1618 1
1619 1
1620 1
1621 1
1622 1
1623 1
1624 0
1625 0
1626 0
1627 1
1628 0
1629 0
1630 0
1631 0
1632 0
1633 1
1634 1
1635 1
1636 0
1637 1
1638 0
1639 1
1640 0
1641 1
1642 1
1643 0
1644 0
1645 1
1646 1
1647 0
1648 1
1649 1
1650 0
1651 0
1652 0
1653 0
1654 1
1655 0
1656 0
1657 1
1658 1
1659 1
1660 0
1661 0
1662 1
1663 1
1664 1
1665 1
1666 1
1667 0
1668 1
1669 1
1670 1
1671 0
1672 0
1673 0
1674 1
1675 1
1676 0
1677 1
1678 0
1679 0
1680 1
1681 1
1682 0
1683 0
1684 1
1685 0
1686 1
1687 0
1688 1
1689 1
1690 1
1691 0
1692 0
1693 0
1694 1
1695 1
1696 1
1697 1
1698 1
1699 1
1700 1
1701 0
1702 0
1703 1
1704 0
1705 0
1706 1
1707 1
1708 0
1709 1
1710 1
1711 1
1712 0
1713 0
1714 0
1715 1
1716 0
1717 0
1718 1
1719 0
1720 0
1721 0
1722 1
1723 1
1724 0
1725 0
1726 1
1727 0
1728 0
1729 1
1730 0
1731 1
1732 1
1733 0
1734 0
1735 1
1736 0
1737 0
1738 1
1739 1
1740 1
1741 0
1742 1
1743 0
1744 0
1745 1
1746 0
1747 1
1748 1
1749 1
1750 1
1751 1
1752 1
1753 1
1754 0
1755 1
1756 1
1757 0
1758 0
1759 0
1760 1
1761 0
1762 1
1763 1
1764 0
1765 1
1766 0
1767 0
1768 1
1769 1
1770 1
1771 0
1772 0
1773 1
1774 1
1775 0
1776 0
1777 0
1778 1
1779 1
1780 0
1781 1
1782 1
1783 0
1784 1
1785 1
1786 0
1787 1
1788 1
1789 0
1790 0
1791 1
1792 1
1793 0
1794 1
1795 0
1796 1
1797 0
1798 1
1799 0
1800 1
1801 1
1802 1
1803 1
1804 0
1805 0
1806 1
1807 1
1808 0
1809 1
1810 0
1811 1
1812 0
1813 1
1814 0
1815 0
1816 0
1817 1
1818 0
1819 0
1820 1
1821 0
1822 0
1823 1
1824 0
1825 1
1826 1
1827 0
1828 0
1829 1
1830 0
1831 1
1832 1
1833 0
1834 1
1835 1
1836 1
1837 0
1838 1
1839 1
1840 1
1841 0
1842 0
1843 0
1844 0
1845 1
1846 1
1847 0
1848 1
1849 1
1850 1
1851 1
1852 1
1853 0
1854 1
1855 1
1856 0
1857 0
1858 0
1859 1
1860 0
1861 1
1862 0
1863 1
1864 0
1865 0
1866 1
1867 0
1868 1
1869 0
1870 0
1871 0
1872 1
1873 1
1874 0
1875 0
1876 1
1877 0
1878 0
1879 1
1880 1
1881 0
1882 0
1883 1
1884 0
1885 0
1886 0
1887 1
1888 0
1889 1
1890 1
1891 1
1892 1
1893 0
1894 1
1895 0
1896 0
1897 0
1898 0
1899 0
1900 0
1901 1
1902 1
1903 1
1904 0
1905 0
1906 1
1907 1
1908 0
1909 0
1910 1
1911 1
1912 0
1913 1
1914 0
1915 1
1916 0
1917 0
1918 1
1919 0
1920 1
1921 0
1922 1
1923 0
1924 0
1925 1
1926 0
1927 1
1928 1
1929 0
1930 0
1931 0
1932 0
1933 0
1934 0
1935 0
1936 0
1937 0
1938 0
1939 1
1940 0
1941 1
1942 1
1943 0
1944 0
1945 0
1946 0
1947 1
1948 1
1949 0
1950 1
1951 1
1952 0
1953 0
1954 1
1955 0
1956 1
1957 0
1958 1
1959 1
1960 0
1961 1
1962 1
1963 1
1964 1
1965 1
1966 1
1967 1
1968 1
1969 1
1970 0
1971 0
1972 0
1973 1
1974 1
1975 1
1976 0
1977 0
1978 1
1979 0
1980 0
1981 0
1982 0
1983 0
1984 1
1985 1
1986 0
1987 0
1988 0
1989 1
1990 0
1991 1
1992 0
1993 0
1994 0
1995 1
1996 1
1997 1
1998 1
1999 0
2000 1
2001 1
2002 1
2003 0
2004 0
2005 1
2006 1
2007 0
2008 0
2009 0
2010 0
2011 1
2012 0
2013 0
2014 0
2015 0
2016 1
2017 0
2018 0
2019 0
2020 0
2021 0
2022 1
2023 0
2024 0
2025 1
2026 1
2027 0
2028 0
2029 0
2030 0
2031 1
2032 0
2033 0
2034 0
2035 1
2036 0
2037 0
2038 0
2039 0
2040 1
2041 1
2042 1
2043 1
2044 0
2045 0
2046 1
2047 1
2048 0
2049 1
2050 1
2051 0
2052 0
2053 1
2054 1
2055 0
2056 0
2057 0
2058 0
2059 0
2060 1
2061 0
2062 0
2063 0
2064 1
2065 1
2066 0
2067 0
2068 1
2069 0
2070 1
2071 1
2072 1
2073 1
2074 1
2075 1
2076 0
2077 0
2078 1
2079 0
2080 0
2081 0
2082 1
2083 1
2084 1
2085 0
2086 0
2087 1
2088 1
2089 1
2090 0
2091 1
2092 1
2093 1
2094 0
2095 1
2096 0
2097 0
2098 0
2099 0
2100 1
2101 1
2102 0
2103 1
2104 0
2105 0
2106 0
2107 0
2108 0
2109 1
2110 1
2111 0
2112 0
2113 1
2114 0
2115 1
2116 1
2117 1
2118 0
2119 0
2120 1
2121 1
2122 1
2123 1
2124 0
2125 0
2126 1
2127 1
2128 1
2129 0
2130 0
2131 1
2132 0
2133 0
2134 1
2135 1
2136 0
2137 0
2138 0
2139 1
2140 0
2141 0
2142 0
2143 1
2144 1
2145 0
2146 0
2147 0
2148 1
2149 1
2150 0
2151 1
2152 0
2153 1
2154 0
2155 0
2156 1
2157 1
2158 1
2159 0
2160 0
2161 0
2162 1
2163 0
2164 0
2165 0
2166 0
2167 0
2168 1
2169 1
2170 1
2171 0
2172 1
2173 1
2174 1
2175 0
2176 0
2177 1
2178 1
2179 1
2180 0
2181 1
2182 0
2183 0
2184 1
2185 0
2186 1
2187 1
2188 1
2189 0
2190 0
2191 1
2192 1
2193 0
2194 0
2195 0
2196 0
2197 1
2198 1
2199 1
2200 0
2201 1
2202 1
2203 1
2204 1
2205 0
2206 1
2207 0
2208 0
2209 0
2210 0
2211 0
2212 0
2213 0
2214 1
2215 1
2216 1
2217 0
2218 0
2219 0
2220 1
2221 1
2222 1
2223 0
2224 1
2225 0
2226 1
2227 0
2228 0
2229 0
2230 0
2231 0
2232 1
2233 0
2234 0
2235 1
2236 1
2237 1
2238 1
2239 0
2240 1
2241 0
2242 0
2243 0
2244 0
2245 0
2246 1
2247 0
2248 0
2249 1
2250 1
2251 1
2252 0
2253 0
2254 0
2255 1
2256 1
2257 1
2258 1
2259 1
2260 0
2261 0
2262 0
2263 0
2264 0
2265 0
2266 1
2267 1
2268 1
2269 1
2270 1
2271 1
2272 0
2273 0
2274 0
2275 1
2276 1
2277 0
2278 1
2279 0
2280 1
2281 0
2282 1
2283 0
2284 1
2285 1
2286 0
2287 1
2288 0
2289 0
2290 0
2291 1
2292 1
2293 0
2294 0
2295 0
2296 0
2297 0
2298 1
2299 1
2300 0
2301 0
2302 0
2303 0
2304 0
2305 1
2306 0
2307 1
2308 0
2309 1
2310 0
2311 1
2312 1
2313 1
2314 1
2315 1
2316 1
2317 1
2318 0
2319 1
2320 1
2321 0
2322 1
2323 0
2324 1
2325 0
2326 0
2327 0
2328 0
2329 1
2330 1
2331 0
2332 0
2333 0
2334 0
2335 0
2336 0
2337 0
2338 1
2339 0
2340 0
2341 0
2342 0
2343 0
2344 0
2345 0
2346 1
2347 0
2348 0
2349 0
2350 1
2351 0
2352 0
2353 0
2354 0
2355 0
2356 1
2357 0
2358 1
2359 0
2360 1
2361 1
2362 0
2363 0
2364 0
2365 0
2366 0
2367 0
2368 0
2369 0
2370 0
2371 1
2372 0
2373 0
2374 0
2375 1
2376 1
2377 0
2378 0
2379 1
2380 1
2381 0
2382 1
2383 0
2384 1
2385 1
2386 1
2387 1
2388 1
2389 1
2390 1
2391 0
2392 0
2393 1
2394 1
2395 1
2396 0
2397 1
2398 1
2399 0
2400 0
2401 0
2402 0
2403 0
2404 1
2405 1
2406 1
2407 0
2408 0
2409 0
2410 0
2411 1
2412 0
2413 1
2414 1
2415 1
2416 0
2417 0
2418 1
2419 1
2420 1
2421 1
2422 1
2423 0
2424 0
2425 0
2426 1
2427 1
2428 0
2429 0
2430 1
2431 0
2432 1
2433 0
2434 0
2435 1
2436 1
2437 1
2438 1
2439 1
2440 1
2441 0
2442 1
2443 0
2444 0
2445 0
2446 0
2447 0
2448 0
2449 1
2450 1
2451 0
2452 0
2453 1
2454 1
2455 0
2456 1
2457 1
2458 0
2459 0
2460 0
2461 0
2462 0
2463 0
2464 0
2465 0
2466 1
2467 0
2468 1
2469 0
2470 0
2471 1
2472 1
2473 0
2474 1
2475 1
2476 0
2477 1
2478 1
2479 1
2480 0
2481 1
2482 0
2483 0
2484 1
2485 1
2486 1
2487 1
2488 0
2489 1
2490 0
2491 1
2492 0
2493 0
2494 1
2495 1
2496 1
2497 0
2498 0
2499 0
