# N: 10
#T C
1.000000 385.299896
1.010000 411.160919
1.020000 402.543976
1.030000 394.068939
1.040000 387.245880
1.050000 380.485260
1.060000 373.066803
1.070000 365.732269
1.080000 357.478607
1.090000 351.329193
1.100000 343.326935
1.110000 336.207367
1.120000 331.392822
1.130000 327.123505
1.140000 322.748138
1.150000 316.065613
1.160000 309.106598
1.170000 301.976379
1.180000 299.196533
1.190000 295.260986
1.200000 290.027527
1.210000 282.533600
1.220000 280.402802
1.230000 275.234100
1.240000 270.850677
1.250000 263.317383
1.260000 259.939148
1.270000 254.436234
1.280000 251.993073
1.290000 247.764938
1.300000 245.940521
1.310000 242.099655
1.320000 236.322906
1.330000 233.943649
1.340000 228.435455
1.350000 224.779266
1.360000 219.560318
1.370000 220.369431
1.380000 213.391327
1.390000 211.670471
1.400000 206.608856
1.410000 206.293106
1.420000 205.335251
1.430000 195.789841
1.440000 194.884491
1.450000 192.747513
1.460000 190.623169
1.470000 186.702667
1.480000 183.273117
1.490000 180.070953
1.500000 178.589706
1.510000 178.236115
1.520000 171.767792
1.529999 167.337570
1.539999 170.265945
1.549999 166.047287
1.559999 165.296173
1.569999 157.445023
1.579999 158.829468
1.589999 159.181671
1.599999 153.937653
1.609999 154.596039
1.619999 145.340912
1.629999 149.200714
1.639999 147.093994
1.649999 139.397781
1.659999 138.008484
1.669999 140.284744
1.679999 132.502518
1.689999 131.762405
1.699999 128.265396
1.709999 132.882278
1.719999 125.922134
1.729999 128.867737
1.739999 124.550346
1.749999 124.246277
1.759999 120.382324
1.769999 115.728569
1.779999 116.151405
1.789999 115.285538
1.799999 103.957619
1.809999 107.712410
1.819999 107.604042
1.829999 106.508888
1.839999 107.174248
1.849999 103.670517
1.859999 98.539169
1.869999 102.166565
1.879999 98.556969
1.889999 99.089737
1.899999 98.155647
1.909999 87.516678
1.919999 96.198822
1.929999 92.758102
1.939999 90.615227
1.949999 91.237793
1.959999 87.384834
1.969999 86.290901
1.979999 84.750824
1.989999 76.391869
1.999999 84.545998
2.009999 85.330193
2.019999 72.862114
2.029999 70.873611
2.039999 80.146118
2.049999 77.948242
2.059999 76.828049
2.069999 67.646919
2.079999 69.025063
2.089999 68.535912
2.099999 63.005665
2.109999 66.496956
2.119999 66.207870
2.129999 69.339943
2.139999 57.039024
2.149999 68.446754
2.159999 47.430775
2.169999 62.180668
2.179999 55.912807
2.189999 60.019836
2.199999 60.057705
2.209999 56.227661
2.219999 49.891144
2.229999 48.648296
2.239999 45.021366
2.249999 52.157673
2.259999 48.988525
2.269999 53.628876
2.279999 51.473942
2.289999 53.571480
2.299999 44.560841
2.309999 32.556900
2.319999 39.015053
2.329999 36.999493
2.339999 37.849754
2.349999 36.727646
2.359999 42.870018
2.369999 40.601074
2.379999 37.586002
2.389999 31.469980
2.399999 32.121738
2.409999 34.507797
2.419999 25.675026
2.429999 29.985357
2.439999 28.041479
2.449999 34.946991
2.459999 28.943504
2.469999 27.924017
2.479999 31.506023
2.489999 21.148512
2.499999 22.961542
2.509999 27.817625
2.519999 18.898285
2.529999 25.313599
2.539999 28.534756
2.549999 24.265833
2.559999 15.312461
2.569999 23.193262
2.579998 21.558899
2.589998 16.493189
2.599998 16.076475
2.609998 19.549925
2.619998 20.418743
2.629998 15.972817
2.639998 17.138771
2.649998 16.953255
2.659998 15.999450
2.669998 17.153187
2.679998 14.629436
2.689998 15.149014
2.699998 14.879311
2.709998 12.464715
2.719998 20.269573
2.729998 14.173717
2.739998 15.574841
2.749998 12.369930
2.759998 10.779953
2.769998 12.231018
2.779998 13.737573
2.789998 12.363184
2.799998 12.114567
2.809998 11.373514
2.819998 15.046329
2.829998 12.870040
2.839998 16.982004
2.849998 14.000509
2.859998 10.985828
2.869998 10.371558
2.879998 10.266483
2.889998 10.461019
2.899998 9.069994
2.909998 10.652779
2.919998 9.108068
2.929998 12.026764
2.939998 9.840786
2.949998 10.086868
2.959998 9.433523
2.969998 9.015324
2.979998 8.003987
2.989998 9.559022
2.999998 8.456920
