# N: 10
#T E
1.000000 -1.954832
1.010000 -2.058344
1.020000 -2.056808
1.030000 -2.054960
1.040000 -2.056904
1.050000 -2.058504
1.060000 -2.057736
1.070000 -2.056608
1.080000 -2.052180
1.090000 -2.053316
1.100000 -2.048276
1.110000 -2.045256
1.120000 -2.049020
1.130000 -2.054040
1.140000 -2.058400
1.150000 -2.054780
1.160000 -2.049616
1.170000 -2.043172
1.180000 -2.051280
1.190000 -2.055088
1.200000 -2.053888
1.210000 -2.043856
1.220000 -2.053164
1.230000 -2.050756
1.240000 -2.050920
1.250000 -2.038316
1.260000 -2.041432
1.270000 -2.035596
1.280000 -2.041840
1.290000 -2.040332
1.300000 -2.048864
1.310000 -2.048452
1.320000 -2.039088
1.330000 -2.044272
1.340000 -2.035108
1.350000 -2.033748
1.360000 -2.024724
1.370000 -2.043716
1.380000 -2.025444
1.390000 -2.031980
1.400000 -2.021908
1.410000 -2.034956
1.420000 -2.044872
1.430000 -2.010112
1.440000 -2.019556
1.450000 -2.022212
1.460000 -2.025152
1.470000 -2.017776
1.480000 -2.012792
1.490000 -2.008204
1.500000 -2.013844
1.510000 -2.025520
1.520000 -2.000652
1.529999 -1.987356
1.539999 -2.018976
1.549999 -2.006544
1.559999 -2.015024
1.569999 -1.978120
1.579999 -2.000136
1.589999 -2.015200
1.599999 -1.993956
1.609999 -2.011044
1.619999 -1.961396
1.629999 -1.999848
1.639999 -1.997796
1.649999 -1.954168
1.659999 -1.958004
1.669999 -1.986344
1.679999 -1.940840
1.689999 -1.946964
1.699999 -1.931628
1.709999 -1.979584
1.719999 -1.936532
1.729999 -1.972204
1.739999 -1.949712
1.749999 -1.958244
1.759999 -1.938540
1.769999 -1.909724
1.779999 -1.924880
1.789999 -1.928284
1.799999 -1.839284
1.809999 -1.883556
1.819999 -1.893448
1.829999 -1.892920
1.839999 -1.911172
1.849999 -1.889124
1.859999 -1.851460
1.869999 -1.895716
1.879999 -1.869732
1.889999 -1.887584
1.899999 -1.888116
1.909999 -1.787924
1.919999 -1.888016
1.929999 -1.862300
1.939999 -1.851984
1.949999 -1.867124
1.959999 -1.833556
1.969999 -1.834476
1.979999 -1.826984
1.989999 -1.733184
1.999999 -1.842384
2.009999 -1.859244
2.019999 -1.724548
2.029999 -1.708212
2.039999 -1.829636
2.049999 -1.813988
2.059999 -1.808420
2.069999 -1.693444
2.079999 -1.727592
2.089999 -1.729576
2.099999 -1.667648
2.109999 -1.720020
2.119999 -1.724628
2.129999 -1.773836
2.139999 -1.614468
2.149999 -1.781588
2.159999 -1.464940
2.169999 -1.706956
2.179999 -1.624980
2.189999 -1.694496
2.199999 -1.702608
2.209999 -1.650020
2.219999 -1.557592
2.229999 -1.547436
2.239999 -1.494280
2.249999 -1.610668
2.259999 -1.574060
2.269999 -1.662992
2.279999 -1.626636
2.289999 -1.673532
2.299999 -1.507804
2.309999 -1.298608
2.319999 -1.424688
2.329999 -1.401836
2.339999 -1.426304
2.349999 -1.407596
2.359999 -1.534344
2.369999 -1.501104
2.379999 -1.455268
2.389999 -1.313384
2.399999 -1.346760
2.409999 -1.403920
2.419999 -1.211292
2.429999 -1.302424
2.439999 -1.271320
2.449999 -1.432760
2.459999 -1.306024
2.469999 -1.291968
2.479999 -1.376016
2.489999 -1.133736
2.499999 -1.175432
2.509999 -1.312896
2.519999 -1.083272
2.529999 -1.249336
2.539999 -1.339908
2.549999 -1.235800
2.559999 -0.991288
2.569999 -1.218428
2.579998 -1.170944
2.589998 -1.042080
2.599998 -1.029488
2.609998 -1.139712
2.619998 -1.169980
2.629998 -1.039800
2.639998 -1.075368
2.649998 -1.067452
2.659998 -1.054412
2.669998 -1.091084
2.679998 -1.010848
2.689998 -1.030528
2.699998 -1.029456
2.709998 -0.942640
2.719998 -1.206900
2.729998 -1.011368
2.739998 -1.053388
2.749998 -0.953404
2.759998 -0.896004
2.769998 -0.956076
2.779998 -1.016460
2.789998 -0.970968
2.799998 -0.954888
2.809998 -0.929228
2.819998 -1.075544
2.829998 -0.990888
2.839998 -1.155580
2.849998 -1.037480
2.859998 -0.930316
2.869998 -0.907328
2.879998 -0.909724
2.889998 -0.916704
2.899998 -0.859308
2.909998 -0.931336
2.919998 -0.869660
2.929998 -0.996984
2.939998 -0.900360
2.949998 -0.921392
2.959998 -0.892968
2.969998 -0.873636
2.979998 -0.832984
2.989998 -0.908432
2.999998 -0.861336
