# N: 10
#T M
1.000000 0.905516
1.010000 0.999586
1.020000 0.999202
1.030000 0.998740
1.040000 0.999226
1.050000 0.999626
1.060000 0.999434
1.070000 0.999152
1.080000 0.997970
1.090000 0.998304
1.100000 0.996750
1.110000 0.995488
1.120000 0.997174
1.130000 0.998426
1.140000 0.999600
1.150000 0.998678
1.160000 0.997344
1.170000 0.995614
1.180000 0.997754
1.190000 0.998772
1.200000 0.998472
1.210000 0.995780
1.220000 0.998252
1.230000 0.997574
1.240000 0.997730
1.250000 0.994262
1.260000 0.995358
1.270000 0.993236
1.280000 0.995154
1.290000 0.994734
1.300000 0.997158
1.310000 0.997110
1.320000 0.994554
1.330000 0.996068
1.340000 0.993340
1.350000 0.993156
1.360000 0.990200
1.370000 0.995856
1.380000 0.990522
1.390000 0.992386
1.400000 0.989638
1.410000 0.993456
1.420000 0.996132
1.430000 0.986096
1.440000 0.989212
1.450000 0.989498
1.460000 0.990966
1.470000 0.988318
1.480000 0.986528
1.490000 0.985124
1.500000 0.987828
1.510000 0.991090
1.520000 0.983602
1.529999 0.980472
1.539999 0.988776
1.549999 0.985448
1.559999 0.988080
1.569999 0.977056
1.579999 0.984206
1.589999 0.987740
1.599999 0.981420
1.609999 0.986574
1.619999 0.972200
1.629999 0.983760
1.639999 0.983366
1.649999 0.965644
1.659999 0.969800
1.669999 0.980314
1.679999 0.963252
1.689999 0.966918
1.699999 0.954098
1.709999 0.978162
1.719999 0.962476
1.729999 0.975410
1.739999 0.968878
1.749999 0.972596
1.759999 0.964590
1.769999 0.943584
1.779999 0.961382
1.789999 0.961526
1.799999 0.925662
1.809999 0.944254
1.819999 0.944172
1.829999 0.942372
1.839999 0.955142
1.849999 0.941648
1.859999 0.931270
1.869999 0.948320
1.879999 0.933460
1.889999 0.948836
1.899999 0.948568
1.909999 0.905894
1.919999 0.949668
1.929999 0.935854
1.939999 0.932714
1.949999 0.940338
1.959999 0.917642
1.969999 0.927466
1.979999 0.919540
1.989999 0.826838
1.999999 0.933720
2.009999 0.934360
2.019999 0.884754
2.029999 0.847554
2.039999 0.925882
2.049999 0.920776
2.059999 0.917332
2.069999 0.826342
2.079999 0.886856
2.089999 0.881766
2.099999 0.855490
2.109999 0.875444
2.119999 0.884852
2.129999 0.907398
2.139999 0.818118
2.149999 0.915926
2.159999 0.666990
2.169999 0.876312
2.179999 0.831824
2.189999 0.870542
2.199999 0.876370
2.209999 0.846520
2.219999 0.795174
2.229999 0.792048
2.239999 0.752012
2.249999 0.818518
2.259999 0.808846
2.269999 0.867788
2.279999 0.813570
2.289999 0.867530
2.299999 0.699966
2.309999 0.612310
2.319999 0.680964
2.329999 0.697604
2.339999 0.693664
2.349999 0.680636
2.359999 0.785826
2.369999 0.754248
2.379999 0.748010
2.389999 0.549646
2.399999 0.676946
2.409999 0.658048
2.419999 0.501402
2.429999 0.568778
2.439999 0.518842
2.449999 0.709108
2.459999 0.605870
2.469999 0.600240
2.479999 0.697482
2.489999 0.481796
2.499999 0.540160
2.509999 0.652276
2.519999 0.378054
2.529999 0.586566
2.539999 0.659190
2.549999 0.570476
2.559999 0.231998
2.569999 0.516406
2.579998 0.461986
2.589998 0.306040
2.599998 0.271308
2.609998 0.487080
2.619998 0.483728
2.629998 0.342172
2.639998 0.312870
2.649998 0.359774
2.659998 0.372008
2.669998 0.453132
2.679998 0.326488
2.689998 0.315190
2.699998 0.310094
2.709998 0.288826
2.719998 0.561334
2.729998 0.279568
2.739998 0.402050
2.749998 0.363792
2.759998 0.250082
2.769998 0.245638
2.779998 0.335408
2.789998 0.248888
2.799998 0.265334
2.809998 0.305606
2.819998 0.403844
2.829998 0.354248
2.839998 0.552510
2.849998 0.393014
2.859998 0.280596
2.869998 0.268382
2.879998 0.275518
2.889998 0.212374
2.899998 0.208796
2.909998 0.313506
2.919998 0.244276
2.929998 0.383144
2.939998 0.302168
2.949998 0.240052
2.959998 0.263156
2.969998 0.231432
2.979998 0.196448
2.989998 0.303518
2.999998 0.213974
