# N: 10
#T X
1.000000 0.868209
1.010000 0.979398
1.020000 0.969056
1.030000 0.958759
1.040000 0.950465
1.050000 0.942160
1.060000 0.932917
1.070000 0.923681
1.080000 0.912979
1.090000 0.905204
1.100000 0.894237
1.110000 0.884012
1.120000 0.878982
1.130000 0.873379
1.140000 0.867729
1.150000 0.858617
1.160000 0.848944
1.170000 0.838811
1.180000 0.835250
1.190000 0.829909
1.200000 0.822499
1.210000 0.811338
1.220000 0.808668
1.230000 0.801017
1.240000 0.794801
1.250000 0.782997
1.260000 0.778484
1.270000 0.769131
1.280000 0.766032
1.290000 0.759477
1.300000 0.757244
1.310000 0.751383
1.320000 0.741938
1.330000 0.738560
1.340000 0.729087
1.350000 0.723417
1.360000 0.713901
1.370000 0.716710
1.380000 0.703995
1.390000 0.701552
1.400000 0.692705
1.410000 0.693055
1.420000 0.691836
1.430000 0.673403
1.440000 0.672921
1.450000 0.668734
1.460000 0.666033
1.470000 0.658044
1.480000 0.651239
1.490000 0.645162
1.500000 0.644191
1.510000 0.644101
1.520000 0.630475
1.529999 0.622380
1.539999 0.628633
1.549999 0.620429
1.559999 0.619702
1.569999 0.602376
1.579999 0.607155
1.589999 0.607662
1.599999 0.596237
1.609999 0.598679
1.619999 0.577972
1.629999 0.588009
1.639999 0.583963
1.649999 0.560905
1.659999 0.561402
1.669999 0.569987
1.679999 0.547517
1.689999 0.548381
1.699999 0.531975
1.709999 0.554205
1.719999 0.534106
1.729999 0.544786
1.739999 0.534491
1.749999 0.535504
1.759999 0.523935
1.769999 0.500202
1.779999 0.514718
1.789999 0.512040
1.799999 0.473050
1.809999 0.488924
1.819999 0.486616
1.829999 0.482764
1.839999 0.491728
1.849999 0.476049
1.859999 0.462992
1.869999 0.477402
1.879999 0.461436
1.889999 0.472308
1.899999 0.469627
1.909999 0.428250
1.919999 0.465918
1.929999 0.450841
1.939999 0.445082
1.949999 0.450152
1.959999 0.428956
1.969999 0.433654
1.979999 0.424809
1.989999 0.366267
1.999999 0.432919
2.009999 0.431921
2.019999 0.386110
2.029999 0.356018
2.039999 0.417504
2.049999 0.410789
2.059999 0.406307
2.069999 0.338277
2.079999 0.377272
2.089999 0.371564
2.099999 0.347949
2.109999 0.363643
2.119999 0.368582
2.129999 0.384780
2.139999 0.315837
2.149999 0.387543
2.159999 0.230376
2.169999 0.354252
2.179999 0.318949
2.189999 0.345691
2.199999 0.349214
2.209999 0.326858
2.219999 0.291997
2.229999 0.285322
2.239999 0.258330
2.249999 0.306559
2.259999 0.292883
2.269999 0.330328
2.279999 0.297468
2.289999 0.328734
2.299999 0.247536
2.309999 0.178425
2.319999 0.222113
2.329999 0.221400
2.339999 0.224325
2.349999 0.215057
2.359999 0.268712
2.369999 0.245552
2.379999 0.240242
2.389999 0.159486
2.399999 0.198381
2.409999 0.200619
2.419999 0.124543
2.429999 0.162797
2.439999 0.140191
2.449999 0.217353
2.459999 0.165538
2.469999 0.164746
2.479999 0.205207
2.489999 0.101831
2.499999 0.129866
2.509999 0.176371
2.519999 0.074070
2.529999 0.149558
2.539999 0.183973
2.549999 0.144890
2.559999 0.032201
2.569999 0.130420
2.579998 0.118698
2.589998 0.050740
2.599998 0.046057
2.609998 0.101956
2.619998 0.107105
2.629998 0.060334
2.639998 0.057052
2.649998 0.073143
2.659998 0.065263
2.669998 0.091079
2.679998 0.055337
2.689998 0.054479
2.699998 0.047606
2.709998 0.046554
2.719998 0.130889
2.729998 0.041115
2.739998 0.082835
2.749998 0.061568
2.759998 0.031412
2.769998 0.033293
2.779998 0.060656
2.789998 0.034913
2.799998 0.043575
2.809998 0.048478
2.819998 0.076969
2.829998 0.060010
2.839998 0.120419
2.849998 0.075467
2.859998 0.040252
2.869998 0.039720
2.879998 0.039892
2.889998 0.025753
2.899998 0.023737
2.909998 0.048725
2.919998 0.028845
2.929998 0.068159
2.939998 0.043879
2.949998 0.033016
2.959998 0.034097
2.969998 0.028689
2.979998 0.018526
2.989998 0.041926
2.999998 0.025110
