# L: 10
#T C
1.500000 0.227041
1.510000 0.257983
1.520000 0.247182
1.530000 0.248825
1.540000 0.259917
1.550000 0.260611
1.560000 0.266983
1.570000 0.276219
1.580000 0.277021
1.590000 0.282780
1.600000 0.276265
1.610000 0.307081
1.620000 0.308444
1.630000 0.324817
1.640000 0.305928
1.650000 0.334872
1.660000 0.340751
1.670000 0.349366
1.680000 0.345109
1.690000 0.360537
1.700000 0.348487
1.710000 0.376469
1.720000 0.399053
1.730000 0.392781
1.740000 0.396255
1.750000 0.425145
1.760000 0.410381
1.770000 0.432552
1.780000 0.462332
1.790000 0.430566
1.800000 0.445536
1.810000 0.456655
1.820000 0.517282
1.830000 0.507944
1.840000 0.491192
1.850000 0.507013
1.860000 0.523177
1.870000 0.515323
1.880000 0.534367
1.890000 0.576317
1.900000 0.553450
1.910000 0.614522
1.920000 0.590253
1.930000 0.610959
1.940000 0.620811
1.950000 0.626706
1.960000 0.644363
1.970000 0.659228
1.980000 0.718885
1.990000 0.742874
2.000000 0.767065
2.010000 0.716419
2.020000 0.744196
2.030000 0.710955
2.040000 0.787461
2.050000 0.962446
2.060000 0.801073
2.070000 0.869849
2.080000 0.902801
2.090000 0.898407
2.100000 0.992437
2.110000 1.014715
2.120000 0.977597
2.130000 0.987974
2.140000 1.034949
2.150000 1.009624
2.160000 1.075506
2.170000 1.007581
2.180000 1.155372
2.190000 1.111814
2.200000 1.267354
2.210000 1.271102
2.220000 1.215463
2.230000 1.223844
2.240000 1.219978
2.250000 1.272202
2.260000 1.279885
2.270000 1.346505
2.280000 1.225130
2.290000 1.248485
2.300000 1.267458
2.310000 1.290134
2.320000 1.349903
2.330000 1.319596
2.340000 1.321856
2.350000 1.325448
2.360000 1.276205
2.370000 1.317621
2.380000 1.319760
2.390000 1.339608
2.400000 1.323054
2.410000 1.250817
2.420000 1.260796
2.430000 1.210662
2.440000 1.265207
2.450000 1.223504
2.460000 1.255887
2.470000 1.204037
2.480000 1.148679
2.490000 1.175884
2.500000 1.135781
2.510000 1.151084
2.520000 1.074861
2.530000 1.087875
2.540000 1.042048
2.550000 1.081655
2.560000 0.952488
2.570000 1.031119
2.580000 0.970870
2.590000 0.926765
2.600000 0.898033
2.610000 0.892239
2.620000 0.898357
2.630000 0.911257
2.640000 0.850821
2.650000 0.779931
2.660000 0.869085
2.670000 0.802749
2.680000 0.796125
2.690000 0.811822
2.700000 0.784297
2.710000 0.746643
2.720000 0.711986
2.730000 0.719616
2.740000 0.681313
2.750000 0.657549
2.760000 0.603822
2.770000 0.632290
2.780000 0.637309
2.790000 0.640382
2.800000 0.647171
2.810000 0.604764
2.820000 0.603978
2.830000 0.559431
2.840000 0.530007
2.850000 0.570521
2.860000 0.561628
2.870000 0.528176
2.880000 0.552302
2.890000 0.498187
2.900000 0.527597
2.910000 0.495044
2.920000 0.512120
2.930000 0.489525
2.940000 0.462747
2.950000 0.472879
2.960000 0.455462
2.970000 0.468763
2.980000 0.477886
2.990000 0.421129
3.000000 0.434066
