# L: 20
#T C
1.500000 0.690412
1.510000 0.346177
1.520000 0.346875
1.530000 0.345328
1.540000 0.346924
1.550000 0.359549
1.560000 0.364344
1.570000 0.367394
1.580000 0.373900
1.590000 0.382160
1.600000 0.377262
1.610000 0.389021
1.620000 0.416515
1.630000 0.410967
1.640000 0.377475
1.650000 0.406922
1.660000 0.402850
1.670000 0.424533
1.680000 0.432667
1.690000 0.418230
1.700000 0.432843
1.710000 0.453149
1.720000 0.476760
1.730000 0.442713
1.740000 0.435451
1.750000 0.495749
1.760000 0.492369
1.770000 0.466640
1.780000 0.499100
1.790000 0.531189
1.800000 0.501126
1.810000 0.557645
1.820000 0.583782
1.830000 0.585270
1.840000 0.565983
1.850000 0.563102
1.860000 0.547377
1.870000 0.612096
1.880000 0.590569
1.890000 0.637361
1.900000 0.592159
1.910000 0.640906
1.920000 0.645723
1.930000 0.648997
1.940000 0.684538
1.950000 0.656807
1.960000 0.798138
1.970000 0.743720
1.980000 0.771889
1.990000 0.748445
2.000000 0.731894
2.010000 0.773442
2.020000 0.840853
2.030000 0.850830
2.040000 0.967450
2.050000 0.914739
2.060000 0.947979
2.070000 0.940278
2.080000 0.911398
2.090000 1.001223
2.100000 0.915200
2.110000 0.967116
2.120000 1.104354
2.130000 1.103827
2.140000 1.278160
2.150000 0.993193
2.160000 1.562753
2.170000 1.156579
2.180000 1.117904
2.190000 1.551972
2.200000 1.769499
2.210000 1.308800
2.220000 1.352268
2.230000 1.405861
2.240000 1.211921
2.250000 1.609807
2.260000 1.598615
2.270000 1.647015
2.280000 1.398910
2.290000 1.722335
2.300000 1.832199
2.310000 1.537574
2.320000 1.501033
2.330000 1.455023
2.340000 1.723916
2.350000 1.384260
2.360000 1.317460
2.370000 1.509750
2.380000 1.585459
2.390000 1.402942
2.400000 1.446131
2.410000 1.497176
2.420000 1.520033
2.430000 1.216557
2.440000 1.171525
2.450000 1.158763
2.460000 1.247324
2.470000 1.374695
2.480000 1.140542
2.490000 0.984814
2.500000 0.847247
2.510000 0.911186
2.520000 0.948380
2.530000 0.872433
2.540000 0.970558
2.550000 0.795802
2.560000 0.874871
2.570000 0.930472
2.580000 0.792488
2.590000 0.723497
2.600000 0.688153
2.610000 0.753410
2.620000 0.739799
2.630000 0.820416
2.640000 0.730241
2.650000 0.693893
2.660000 0.666575
2.670000 0.630183
2.680000 0.699274
2.690000 0.579736
2.700000 0.730920
2.710000 0.608202
2.720000 0.565132
2.730000 0.636401
2.740000 0.566221
2.750000 0.574897
2.760000 0.589930
2.770000 0.574066
2.780000 0.560894
2.790000 0.520590
2.800000 0.548891
2.810000 0.493058
2.820000 0.501822
2.830000 0.517267
2.840000 0.507549
2.850000 0.490148
2.860000 0.463762
2.870000 0.452170
2.880000 0.489730
2.890000 0.440774
2.900000 0.487800
2.910000 0.427643
2.920000 0.418555
2.930000 0.433406
2.940000 0.403961
2.950000 0.431013
2.960000 0.408908
2.970000 0.417684
2.980000 0.423626
2.990000 0.408654
3.000000 0.423834
