# L: 30
#T C
1.500000 4.670120
1.510000 0.513027
1.520000 0.509965
1.530000 0.492558
1.540000 0.490075
1.550000 0.513754
1.560000 0.528284
1.570000 0.512527
1.580000 0.518325
1.590000 0.529096
1.600000 0.507636
1.610000 0.523836
1.620000 0.495870
1.630000 0.541513
1.640000 0.534817
1.650000 0.560524
1.660000 0.517641
1.670000 0.584290
1.680000 0.543985
1.690000 0.557804
1.700000 0.572657
1.710000 0.547698
1.720000 0.582094
1.730000 0.558320
1.740000 0.586008
1.750000 0.641961
1.760000 0.551922
1.770000 0.608249
1.780000 0.608241
1.790000 0.614117
1.800000 0.651856
1.810000 0.627258
1.820000 0.637467
1.830000 0.689097
1.840000 0.621273
1.850000 0.705129
1.860000 0.750418
1.870000 0.669505
1.880000 0.676578
1.890000 0.724701
1.900000 0.706029
1.910000 0.770332
1.920000 0.694036
1.930000 0.784392
1.940000 0.777409
1.950000 0.813917
1.960000 0.724952
1.970000 0.795451
1.980000 0.891710
1.990000 0.803007
2.000000 0.859259
2.010000 0.838214
2.020000 0.964253
2.030000 0.857778
2.040000 0.974695
2.050000 0.928096
2.060000 0.967736
2.070000 0.892555
2.080000 0.911038
2.090000 1.204646
2.100000 0.958991
2.110000 1.332072
2.120000 1.451286
2.130000 1.119114
2.140000 1.491017
2.150000 1.226871
2.160000 1.409574
2.170000 1.011628
2.180000 1.323371
2.190000 1.201141
2.200000 1.522610
2.210000 1.126955
2.220000 1.915489
2.230000 1.199000
2.240000 1.615369
2.250000 1.854222
2.260000 2.211724
2.270000 1.276410
2.280000 1.823746
2.290000 1.593994
2.300000 1.934490
2.310000 1.566898
2.320000 1.783877
2.330000 1.167814
2.340000 1.481309
2.350000 1.147727
2.360000 1.257125
2.370000 0.995912
2.380000 1.204129
2.390000 1.067871
2.400000 0.840550
2.410000 1.369728
2.420000 1.257300
2.430000 0.881881
2.440000 1.287630
2.450000 1.245023
2.460000 0.750254
2.470000 1.210977
2.480000 0.766281
2.490000 0.789637
2.500000 0.807544
2.510000 0.942052
2.520000 0.732062
2.530000 0.725345
2.540000 0.814098
2.550000 0.810509
2.560000 0.738131
2.570000 0.747246
2.580000 0.679681
2.590000 0.634378
2.600000 0.675272
2.610000 0.634390
2.620000 0.791119
2.630000 0.640402
2.640000 0.625925
2.650000 0.763989
2.660000 0.673461
2.670000 0.688876
2.680000 0.597115
2.690000 0.732983
2.700000 0.618075
2.710000 0.553032
2.720000 0.572964
2.730000 0.556039
2.740000 0.585682
2.750000 0.582629
2.760000 0.589541
2.770000 0.520567
2.780000 0.499006
2.790000 0.579917
2.800000 0.552098
2.810000 0.512860
2.820000 0.460957
2.830000 0.573805
2.840000 0.440860
2.850000 0.445596
2.860000 0.445813
2.870000 0.503736
2.880000 0.481580
2.890000 0.498346
2.900000 0.446542
2.910000 0.442993
2.920000 0.504222
2.930000 0.481125
2.940000 0.442814
2.950000 0.447768
2.960000 0.431822
2.970000 0.436411
2.980000 0.437199
2.990000 0.430176
3.000000 0.460732
