# L: 10
#T E
1.500000 -1.891784
1.510000 -1.884296
1.520000 -1.885252
1.530000 -1.882852
1.540000 -1.881084
1.550000 -1.878348
1.560000 -1.876480
1.570000 -1.874256
1.580000 -1.873080
1.590000 -1.870632
1.600000 -1.868608
1.610000 -1.863476
1.620000 -1.860384
1.630000 -1.856088
1.640000 -1.858212
1.650000 -1.853896
1.660000 -1.849344
1.670000 -1.845348
1.680000 -1.842720
1.690000 -1.841572
1.700000 -1.840052
1.710000 -1.835448
1.720000 -1.829232
1.730000 -1.828804
1.740000 -1.820176
1.750000 -1.817700
1.760000 -1.819348
1.770000 -1.811236
1.780000 -1.801276
1.790000 -1.804308
1.800000 -1.802276
1.810000 -1.797788
1.820000 -1.785840
1.830000 -1.786192
1.840000 -1.779780
1.850000 -1.774144
1.860000 -1.771068
1.870000 -1.767424
1.880000 -1.763436
1.890000 -1.752316
1.900000 -1.752920
1.910000 -1.739228
1.920000 -1.736768
1.930000 -1.730676
1.940000 -1.728496
1.950000 -1.723416
1.960000 -1.713072
1.970000 -1.704876
1.980000 -1.693040
1.990000 -1.687772
2.000000 -1.678664
2.010000 -1.680920
2.020000 -1.671564
2.030000 -1.673348
2.040000 -1.659996
2.050000 -1.630904
2.060000 -1.645228
2.070000 -1.625844
2.080000 -1.616268
2.090000 -1.618052
2.100000 -1.601752
2.110000 -1.588320
2.120000 -1.587072
2.130000 -1.575856
2.140000 -1.568032
2.150000 -1.558820
2.160000 -1.544800
2.170000 -1.542600
2.180000 -1.517084
2.190000 -1.508544
2.200000 -1.482156
2.210000 -1.481476
2.220000 -1.475952
2.230000 -1.470208
2.240000 -1.449652
2.250000 -1.440656
2.260000 -1.422236
2.270000 -1.390112
2.280000 -1.412904
2.290000 -1.383120
2.300000 -1.384140
2.310000 -1.365652
2.320000 -1.340184
2.330000 -1.343908
2.340000 -1.318648
2.350000 -1.286484
2.360000 -1.323404
2.370000 -1.293268
2.380000 -1.246780
2.390000 -1.238932
2.400000 -1.233880
2.410000 -1.246512
2.420000 -1.222580
2.430000 -1.208268
2.440000 -1.184344
2.450000 -1.182692
2.460000 -1.163384
2.470000 -1.171232
2.480000 -1.131448
2.490000 -1.131832
2.500000 -1.116632
2.510000 -1.122680
2.520000 -1.084716
2.530000 -1.083404
2.540000 -1.077616
2.550000 -1.089036
2.560000 -1.040212
2.570000 -1.058784
2.580000 -1.038432
2.590000 -1.020620
2.600000 -1.020304
2.610000 -1.005676
2.620000 -0.996084
2.630000 -0.997832
2.640000 -0.975052
2.650000 -0.968988
2.660000 -0.967636
2.670000 -0.964268
2.680000 -0.960404
2.690000 -0.947264
2.700000 -0.945880
2.710000 -0.928216
2.720000 -0.923284
2.730000 -0.920016
2.740000 -0.904548
2.750000 -0.901260
2.760000 -0.883348
2.770000 -0.880888
2.780000 -0.888756
2.790000 -0.879464
2.800000 -0.876524
2.810000 -0.855924
2.820000 -0.859740
2.830000 -0.848320
2.840000 -0.834080
2.850000 -0.838932
2.860000 -0.831600
2.870000 -0.816460
2.880000 -0.823672
2.890000 -0.807724
2.900000 -0.823024
2.910000 -0.804240
2.920000 -0.806796
2.930000 -0.801772
2.940000 -0.789476
2.950000 -0.788860
2.960000 -0.785968
2.970000 -0.775356
2.980000 -0.784932
2.990000 -0.762616
3.000000 -0.749964
