# L: 20
#T E
1.500000 -1.954117
1.510000 -1.952429
1.520000 -1.951773
1.530000 -1.948074
1.540000 -1.946027
1.550000 -1.944204
1.560000 -1.942586
1.570000 -1.938766
1.580000 -1.937450
1.590000 -1.934691
1.600000 -1.933888
1.610000 -1.930399
1.620000 -1.925776
1.630000 -1.920356
1.640000 -1.922894
1.650000 -1.921151
1.660000 -1.917377
1.670000 -1.910695
1.680000 -1.907928
1.690000 -1.907227
1.700000 -1.905703
1.710000 -1.899336
1.720000 -1.892946
1.730000 -1.892590
1.740000 -1.892843
1.750000 -1.880630
1.760000 -1.882137
1.770000 -1.882216
1.780000 -1.874121
1.790000 -1.868129
1.800000 -1.866203
1.810000 -1.861755
1.820000 -1.851585
1.830000 -1.854013
1.840000 -1.845836
1.850000 -1.840458
1.860000 -1.839230
1.870000 -1.826112
1.880000 -1.823051
1.890000 -1.817624
1.900000 -1.816950
1.910000 -1.810480
1.920000 -1.803469
1.930000 -1.799155
1.940000 -1.792929
1.950000 -1.787955
1.960000 -1.772581
1.970000 -1.770691
1.980000 -1.767100
1.990000 -1.754765
2.000000 -1.747928
2.010000 -1.741685
2.020000 -1.734249
2.030000 -1.730888
2.040000 -1.711524
2.050000 -1.716937
2.060000 -1.703037
2.070000 -1.692011
2.080000 -1.686095
2.090000 -1.685604
2.100000 -1.684342
2.110000 -1.652012
2.120000 -1.635460
2.130000 -1.637516
2.140000 -1.612060
2.150000 -1.632426
2.160000 -1.572060
2.170000 -1.598869
2.180000 -1.582448
2.190000 -1.526704
2.200000 -1.514952
2.210000 -1.560833
2.220000 -1.527701
2.230000 -1.499020
2.240000 -1.516579
2.250000 -1.457062
2.260000 -1.450190
2.270000 -1.467269
2.280000 -1.441876
2.290000 -1.412734
2.300000 -1.391760
2.310000 -1.374628
2.320000 -1.365683
2.330000 -1.296358
2.340000 -1.352834
2.350000 -1.296947
2.360000 -1.258218
2.370000 -1.262699
2.380000 -1.248909
2.390000 -1.246382
2.400000 -1.249781
2.410000 -1.263338
2.420000 -1.256009
2.430000 -1.193574
2.440000 -1.191146
2.450000 -1.163107
2.460000 -1.156173
2.470000 -1.154141
2.480000 -1.133262
2.490000 -1.124514
2.500000 -1.097072
2.510000 -1.130089
2.520000 -1.098984
2.530000 -1.102405
2.540000 -1.087984
2.550000 -1.076397
2.560000 -1.075716
2.570000 -1.087713
2.580000 -1.040644
2.590000 -1.042344
2.600000 -1.022921
2.610000 -1.022366
2.620000 -1.029212
2.630000 -1.025945
2.640000 -1.010140
2.650000 -0.999686
2.660000 -0.995250
2.670000 -0.994433
2.680000 -0.999262
2.690000 -0.967689
2.700000 -0.977652
2.710000 -0.966708
2.720000 -0.947025
2.730000 -0.954229
2.740000 -0.958225
2.750000 -0.942469
2.760000 -0.938093
2.770000 -0.928830
2.780000 -0.927670
2.790000 -0.931810
2.800000 -0.906690
2.810000 -0.908030
2.820000 -0.900220
2.830000 -0.896250
2.840000 -0.886181
2.850000 -0.887609
2.860000 -0.875934
2.870000 -0.873227
2.880000 -0.884060
2.890000 -0.866284
2.900000 -0.872347
2.910000 -0.859682
2.920000 -0.854710
2.930000 -0.850722
2.940000 -0.844643
2.950000 -0.849834
2.960000 -0.840297
2.970000 -0.841066
2.980000 -0.825849
2.990000 -0.829872
3.000000 -0.825097
