# L: 30
#T E
1.500000 -1.933545
1.510000 -1.960553
1.520000 -1.960512
1.530000 -1.957864
1.540000 -1.956462
1.550000 -1.953665
1.560000 -1.948890
1.570000 -1.947587
1.580000 -1.946107
1.590000 -1.944783
1.600000 -1.940912
1.610000 -1.940077
1.620000 -1.939782
1.630000 -1.934631
1.640000 -1.931319
1.650000 -1.923193
1.660000 -1.924461
1.670000 -1.919159
1.680000 -1.917076
1.690000 -1.913820
1.700000 -1.909323
1.710000 -1.903958
1.720000 -1.906296
1.730000 -1.901156
1.740000 -1.895564
1.750000 -1.887461
1.760000 -1.885884
1.770000 -1.887286
1.780000 -1.882856
1.790000 -1.878118
1.800000 -1.879754
1.810000 -1.872525
1.820000 -1.868560
1.830000 -1.860172
1.840000 -1.856377
1.850000 -1.844748
1.860000 -1.839132
1.870000 -1.838044
1.880000 -1.833518
1.890000 -1.823611
1.900000 -1.827609
1.910000 -1.812200
1.920000 -1.811036
1.930000 -1.798228
1.940000 -1.799189
1.950000 -1.795619
1.960000 -1.780053
1.970000 -1.778448
1.980000 -1.768978
1.990000 -1.766160
2.000000 -1.754591
2.010000 -1.753784
2.020000 -1.741129
2.030000 -1.734964
2.040000 -1.718057
2.050000 -1.722839
2.060000 -1.716477
2.070000 -1.713366
2.080000 -1.693308
2.090000 -1.679288
2.100000 -1.681256
2.110000 -1.658283
2.120000 -1.641455
2.130000 -1.641054
2.140000 -1.627714
2.150000 -1.634915
2.160000 -1.609243
2.170000 -1.601595
2.180000 -1.591990
2.190000 -1.586927
2.200000 -1.557725
2.210000 -1.574392
2.220000 -1.537144
2.230000 -1.514172
2.240000 -1.502137
2.250000 -1.482736
2.260000 -1.423728
2.270000 -1.488689
2.280000 -1.463508
2.290000 -1.392092
2.300000 -1.362075
2.310000 -1.409682
2.320000 -1.376916
2.330000 -1.276748
2.340000 -1.255562
2.350000 -1.259065
2.360000 -1.295193
2.370000 -1.210702
2.380000 -1.221518
2.390000 -1.224728
2.400000 -1.200233
2.410000 -1.199636
2.420000 -1.250577
2.430000 -1.169635
2.440000 -1.192022
2.450000 -1.181184
2.460000 -1.122930
2.470000 -1.153266
2.480000 -1.117514
2.490000 -1.121263
2.500000 -1.118957
2.510000 -1.111817
2.520000 -1.109852
2.530000 -1.084864
2.540000 -1.098836
2.550000 -1.078532
2.560000 -1.059684
2.570000 -1.050572
2.580000 -1.056512
2.590000 -1.036528
2.600000 -1.032118
2.610000 -1.023903
2.620000 -1.011632
2.630000 -1.022128
2.640000 -1.021608
2.650000 -1.007096
2.660000 -1.003616
2.670000 -0.986612
2.680000 -0.992244
2.690000 -0.992736
2.700000 -0.970067
2.710000 -0.959809
2.720000 -0.960260
2.730000 -0.957490
2.740000 -0.954497
2.750000 -0.949680
2.760000 -0.944008
2.770000 -0.940694
2.780000 -0.929460
2.790000 -0.929184
2.800000 -0.923035
2.810000 -0.915465
2.820000 -0.912499
2.830000 -0.901607
2.840000 -0.902246
2.850000 -0.901540
2.860000 -0.896562
2.870000 -0.890232
2.880000 -0.888232
2.890000 -0.879275
2.900000 -0.869866
2.910000 -0.870248
2.920000 -0.877141
2.930000 -0.855913
2.940000 -0.861498
2.950000 -0.853157
2.960000 -0.846090
2.970000 -0.847419
2.980000 -0.831855
2.990000 -0.834235
3.000000 -0.831543
