# L: 20
#T M
1.500000 0.984049
1.510000 0.985407
1.520000 0.985258
1.530000 0.984080
1.540000 0.983406
1.550000 0.982999
1.560000 0.982407
1.570000 0.981031
1.580000 0.980793
1.590000 0.979848
1.600000 0.979721
1.610000 0.978540
1.620000 0.977221
1.630000 0.975426
1.640000 0.976536
1.650000 0.975803
1.660000 0.974722
1.670000 0.972305
1.680000 0.971652
1.690000 0.971623
1.700000 0.970912
1.710000 0.968632
1.720000 0.966996
1.730000 0.966791
1.740000 0.966656
1.750000 0.962422
1.760000 0.962803
1.770000 0.963247
1.780000 0.960376
1.790000 0.957868
1.800000 0.957213
1.810000 0.955199
1.820000 0.952114
1.830000 0.953169
1.840000 0.950760
1.850000 0.948097
1.860000 0.947759
1.870000 0.942912
1.880000 0.941230
1.890000 0.938765
1.900000 0.939024
1.910000 0.937047
1.920000 0.934766
1.930000 0.933012
1.940000 0.930140
1.950000 0.928551
1.960000 0.917484
1.970000 0.922243
1.980000 0.918217
1.990000 0.913384
2.000000 0.908245
2.010000 0.908107
2.020000 0.903427
2.030000 0.902840
2.040000 0.889282
2.050000 0.894513
2.060000 0.888225
2.070000 0.884345
2.080000 0.879500
2.090000 0.881384
2.100000 0.882205
2.110000 0.859752
2.120000 0.845617
2.130000 0.853309
2.140000 0.833407
2.150000 0.854796
2.160000 0.784417
2.170000 0.834391
2.180000 0.822094
2.190000 0.756753
2.200000 0.730165
2.210000 0.806454
2.220000 0.775921
2.230000 0.745006
2.240000 0.781357
2.250000 0.697679
2.260000 0.692913
2.270000 0.725289
2.280000 0.704197
2.290000 0.636460
2.300000 0.615636
2.310000 0.621339
2.320000 0.620570
2.330000 0.481335
2.340000 0.590581
2.350000 0.496831
2.360000 0.403728
2.370000 0.461970
2.380000 0.425164
2.390000 0.445981
2.400000 0.476532
2.410000 0.505894
2.420000 0.513798
2.430000 0.378640
2.440000 0.361118
2.450000 0.356216
2.460000 0.355119
2.470000 0.339375
2.480000 0.305682
2.490000 0.310258
2.500000 0.271454
2.510000 0.365271
2.520000 0.302271
2.530000 0.322011
2.540000 0.288237
2.550000 0.282496
2.560000 0.260229
2.570000 0.337608
2.580000 0.254066
2.590000 0.230711
2.600000 0.205493
2.610000 0.215524
2.620000 0.261670
2.630000 0.235215
2.640000 0.229218
2.650000 0.208105
2.660000 0.213969
2.670000 0.208493
2.680000 0.249971
2.690000 0.204838
2.700000 0.221105
2.710000 0.202559
2.720000 0.185028
2.730000 0.197786
2.740000 0.197521
2.750000 0.183680
2.760000 0.181580
2.770000 0.182628
2.780000 0.179468
2.790000 0.190977
2.800000 0.166949
2.810000 0.158463
2.820000 0.168694
2.830000 0.160871
2.840000 0.160772
2.850000 0.172360
2.860000 0.158458
2.870000 0.151633
2.880000 0.167898
2.890000 0.141027
2.900000 0.156042
2.910000 0.144288
2.920000 0.146497
2.930000 0.140330
2.940000 0.150405
2.950000 0.154458
2.960000 0.145163
2.970000 0.150852
2.980000 0.146012
2.990000 0.151184
3.000000 0.144873
