# L: 30
#T M
1.500000 0.932550
1.510000 0.985269
1.520000 0.985285
1.530000 0.984528
1.540000 0.984222
1.550000 0.983249
1.560000 0.981702
1.570000 0.981161
1.580000 0.980928
1.590000 0.980566
1.600000 0.979412
1.610000 0.979210
1.620000 0.978950
1.630000 0.977639
1.640000 0.976223
1.650000 0.973832
1.660000 0.974442
1.670000 0.972289
1.680000 0.971618
1.690000 0.970599
1.700000 0.969362
1.710000 0.967630
1.720000 0.968214
1.730000 0.966460
1.740000 0.964271
1.750000 0.960653
1.760000 0.961557
1.770000 0.962120
1.780000 0.960457
1.790000 0.959130
1.800000 0.959863
1.810000 0.957545
1.820000 0.955695
1.830000 0.952346
1.840000 0.951769
1.850000 0.946288
1.860000 0.944676
1.870000 0.944548
1.880000 0.942509
1.890000 0.935964
1.900000 0.940413
1.910000 0.934064
1.920000 0.934132
1.930000 0.927709
1.940000 0.928792
1.950000 0.927554
1.960000 0.921157
1.970000 0.920278
1.980000 0.915113
1.990000 0.914789
2.000000 0.909839
2.010000 0.908932
2.020000 0.904752
2.030000 0.903384
2.040000 0.889485
2.050000 0.895377
2.060000 0.895117
2.070000 0.892850
2.080000 0.877730
2.090000 0.871115
2.100000 0.876591
2.110000 0.853427
2.120000 0.838570
2.130000 0.844834
2.140000 0.826673
2.150000 0.850264
2.160000 0.824210
2.170000 0.823194
2.180000 0.814491
2.190000 0.820990
2.200000 0.785241
2.210000 0.811654
2.220000 0.747400
2.230000 0.731588
2.240000 0.734311
2.250000 0.711870
2.260000 0.544074
2.270000 0.742717
2.280000 0.724484
2.290000 0.579891
2.300000 0.515113
2.310000 0.657314
2.320000 0.599871
2.330000 0.310926
2.340000 0.263545
2.350000 0.258444
2.360000 0.498528
2.370000 0.179850
2.380000 0.292844
2.390000 0.327795
2.400000 0.255013
2.410000 0.273344
2.420000 0.420464
2.430000 0.209271
2.440000 0.276731
2.450000 0.235533
2.460000 0.140987
2.470000 0.264384
2.480000 0.212659
2.490000 0.216558
2.500000 0.174710
2.510000 0.180393
2.520000 0.198345
2.530000 0.148772
2.540000 0.224823
2.550000 0.169136
2.560000 0.142617
2.570000 0.177193
2.580000 0.160530
2.590000 0.104127
2.600000 0.127526
2.610000 0.147864
2.620000 0.123917
2.630000 0.166587
2.640000 0.130268
2.650000 0.131013
2.660000 0.143871
2.670000 0.136867
2.680000 0.145934
2.690000 0.151702
2.700000 0.130142
2.710000 0.104880
2.720000 0.119318
2.730000 0.117470
2.740000 0.112539
2.750000 0.117416
2.760000 0.116594
2.770000 0.135778
2.780000 0.107264
2.790000 0.104303
2.800000 0.122760
2.810000 0.117059
2.820000 0.102136
2.830000 0.097159
2.840000 0.110932
2.850000 0.100903
2.860000 0.107217
2.870000 0.102541
2.880000 0.111513
2.890000 0.103584
2.900000 0.090425
2.910000 0.101856
2.920000 0.101619
2.930000 0.084489
2.940000 0.108482
2.950000 0.094288
2.960000 0.093675
2.970000 0.092562
2.980000 0.088719
2.990000 0.097229
3.000000 0.077008
