# L: 10
#T M
1.500000 0.986592
1.510000 0.984270
1.520000 0.984730
1.530000 0.983940
1.540000 0.983456
1.550000 0.982672
1.560000 0.982108
1.570000 0.981402
1.580000 0.980884
1.590000 0.980236
1.600000 0.979736
1.610000 0.978110
1.620000 0.977146
1.630000 0.975854
1.640000 0.976572
1.650000 0.975110
1.660000 0.973512
1.670000 0.972348
1.680000 0.971630
1.690000 0.970852
1.700000 0.970830
1.710000 0.969110
1.720000 0.966994
1.730000 0.967222
1.740000 0.964264
1.750000 0.963178
1.760000 0.963904
1.770000 0.960412
1.780000 0.957094
1.790000 0.958920
1.800000 0.957944
1.810000 0.956414
1.820000 0.952248
1.830000 0.952110
1.840000 0.950214
1.850000 0.947520
1.860000 0.945910
1.870000 0.945736
1.880000 0.944468
1.890000 0.939366
1.900000 0.940350
1.910000 0.933304
1.920000 0.934110
1.930000 0.931262
1.940000 0.930692
1.950000 0.928088
1.960000 0.924312
1.970000 0.920842
1.980000 0.914696
1.990000 0.910830
2.000000 0.907160
2.010000 0.910550
2.020000 0.905782
2.030000 0.908178
2.040000 0.899776
2.050000 0.878652
2.060000 0.894054
2.070000 0.884324
2.080000 0.878530
2.090000 0.878570
2.100000 0.866834
2.110000 0.860586
2.120000 0.864018
2.130000 0.855444
2.140000 0.850304
2.150000 0.849380
2.160000 0.839786
2.170000 0.842692
2.180000 0.817748
2.190000 0.819390
2.200000 0.793102
2.210000 0.796410
2.220000 0.796502
2.230000 0.794348
2.240000 0.781126
2.250000 0.775286
2.260000 0.760570
2.270000 0.733266
2.280000 0.759598
2.290000 0.735902
2.300000 0.738186
2.310000 0.721614
2.320000 0.700238
2.330000 0.706254
2.340000 0.682958
2.350000 0.659372
2.360000 0.693754
2.370000 0.671234
2.380000 0.618198
2.390000 0.622490
2.400000 0.620304
2.410000 0.640448
2.420000 0.617374
2.430000 0.600564
2.440000 0.571768
2.450000 0.580792
2.460000 0.564046
2.470000 0.582506
2.480000 0.532120
2.490000 0.537760
2.500000 0.526058
2.510000 0.539008
2.520000 0.499398
2.530000 0.504966
2.540000 0.499052
2.550000 0.519944
2.560000 0.463402
2.570000 0.491030
2.580000 0.471380
2.590000 0.445820
2.600000 0.459306
2.610000 0.437526
2.620000 0.433602
2.630000 0.439518
2.640000 0.416816
2.650000 0.417482
2.660000 0.419706
2.670000 0.410962
2.680000 0.411656
2.690000 0.399868
2.700000 0.397850
2.710000 0.381188
2.720000 0.385112
2.730000 0.379992
2.740000 0.362670
2.750000 0.368058
2.760000 0.342464
2.770000 0.343860
2.780000 0.356642
2.790000 0.350278
2.800000 0.345944
2.810000 0.323854
2.820000 0.335790
2.830000 0.327084
2.840000 0.314406
2.850000 0.325052
2.860000 0.327248
2.870000 0.306540
2.880000 0.308802
2.890000 0.299844
2.900000 0.317222
2.910000 0.296924
2.920000 0.300960
2.930000 0.301622
2.940000 0.289150
2.950000 0.292332
2.960000 0.290390
2.970000 0.284068
2.980000 0.294366
2.990000 0.269610
3.000000 0.256304
