# L: 20
#T X
1.500000 0.436984
1.510000 0.080605
1.520000 0.080114
1.530000 0.081130
1.540000 0.082432
1.550000 0.084133
1.560000 0.085332
1.570000 0.090118
1.580000 0.088899
1.590000 0.092915
1.600000 0.091304
1.610000 0.094338
1.620000 0.098545
1.630000 0.100653
1.640000 0.091393
1.650000 0.098183
1.660000 0.096165
1.670000 0.107586
1.680000 0.108602
1.690000 0.101259
1.700000 0.108655
1.710000 0.117546
1.720000 0.117892
1.730000 0.112534
1.740000 0.115023
1.750000 0.130741
1.760000 0.135939
1.770000 0.127155
1.780000 0.135082
1.790000 0.158039
1.800000 0.149221
1.810000 0.184570
1.820000 0.180297
1.830000 0.180284
1.840000 0.166073
1.850000 0.185053
1.860000 0.186761
1.870000 0.198951
1.880000 0.214417
1.890000 0.244590
1.900000 0.221026
1.910000 0.220120
1.920000 0.229445
1.930000 0.228466
1.940000 0.258209
1.950000 0.257939
1.960000 0.488923
1.970000 0.288296
1.980000 0.405433
1.990000 0.356370
2.000000 0.395187
2.010000 0.361205
2.020000 0.458547
2.030000 0.447643
2.040000 0.740443
2.050000 0.708268
2.060000 0.660703
2.070000 0.658762
2.080000 0.705141
2.090000 0.661254
2.100000 0.597622
2.110000 0.946088
2.120000 1.306662
2.130000 1.012413
2.140000 1.570082
2.150000 0.751035
2.160000 5.072528
2.170000 1.058323
2.180000 1.073869
2.190000 3.757227
2.200000 7.074211
2.210000 1.721393
2.220000 2.764426
2.230000 2.768308
2.240000 1.685717
2.250000 5.016709
2.260000 5.637654
2.270000 4.478173
2.280000 3.946743
2.290000 8.761226
2.300000 9.836988
2.310000 6.413477
2.320000 6.139706
2.330000 9.652266
2.340000 9.884720
2.350000 9.474434
2.360000 10.354917
2.370000 9.471001
2.380000 10.028907
2.390000 9.669552
2.400000 8.436464
2.410000 8.597413
2.420000 7.561598
2.430000 8.791427
2.440000 7.792144
2.450000 7.128505
2.460000 6.939651
2.470000 8.759108
2.480000 7.152569
2.490000 6.089461
2.500000 5.259049
2.510000 5.518910
2.520000 6.071019
2.530000 5.467995
2.540000 6.145072
2.550000 5.116509
2.560000 5.356002
2.570000 5.657150
2.580000 4.302934
2.590000 3.522510
2.600000 3.681193
2.610000 4.027619
2.620000 4.170077
2.630000 4.546813
2.640000 3.666465
2.650000 3.643986
2.660000 4.004120
2.670000 3.243194
2.680000 3.873462
2.690000 2.674462
2.700000 3.405004
2.710000 2.844090
2.720000 2.550560
2.730000 3.095510
2.740000 2.784550
2.750000 3.123627
2.760000 2.575677
2.770000 2.529997
2.780000 2.435713
2.790000 2.668076
2.800000 2.165247
2.810000 1.948533
2.820000 2.223211
2.830000 2.077812
2.840000 1.780769
2.850000 2.029675
2.860000 1.782414
2.870000 1.687800
2.880000 2.135245
2.890000 1.413081
2.900000 2.014732
2.910000 1.651697
2.920000 1.697707
2.930000 1.540986
2.940000 1.558244
2.950000 1.624824
2.960000 1.585464
2.970000 1.531924
2.980000 1.679148
2.990000 1.592390
3.000000 1.582859
