# L: 30
#T X
1.500000 17.362704
1.510000 0.144613
1.520000 0.144850
1.530000 0.141866
1.540000 0.141175
1.550000 0.145858
1.560000 0.149649
1.570000 0.149892
1.580000 0.147706
1.590000 0.149181
1.600000 0.147063
1.610000 0.147999
1.620000 0.147305
1.630000 0.151916
1.640000 0.153390
1.650000 0.160273
1.660000 0.149951
1.670000 0.168757
1.680000 0.161194
1.690000 0.171663
1.700000 0.166273
1.710000 0.164141
1.720000 0.175669
1.730000 0.175990
1.740000 0.188669
1.750000 0.229432
1.760000 0.174211
1.770000 0.186283
1.780000 0.190054
1.790000 0.189892
1.800000 0.194844
1.810000 0.189959
1.820000 0.196899
1.830000 0.238282
1.840000 0.196382
1.850000 0.238629
1.860000 0.274504
1.870000 0.234180
1.880000 0.245911
1.890000 0.394824
1.900000 0.270937
1.910000 0.298158
1.920000 0.264874
1.930000 0.317527
1.940000 0.313311
1.950000 0.321338
1.960000 0.332052
1.970000 0.348079
1.980000 0.435014
1.990000 0.367413
2.000000 0.431323
2.010000 0.415374
2.020000 0.501740
2.030000 0.379755
2.040000 0.688931
2.050000 0.526908
2.060000 0.485977
2.070000 0.481484
2.080000 0.761908
2.090000 0.931945
2.100000 0.622403
2.110000 1.491285
2.120000 2.037179
2.130000 1.066537
2.140000 2.625353
2.150000 1.269584
2.160000 1.877975
2.170000 1.213478
2.180000 1.913701
2.190000 1.214672
2.200000 3.131466
2.210000 1.316986
2.220000 11.012471
2.230000 4.781639
2.240000 4.496773
2.250000 7.172623
2.260000 27.014204
2.270000 2.522600
2.280000 3.471390
2.290000 9.306402
2.300000 16.441750
2.310000 6.356703
2.320000 11.976957
2.330000 11.456464
2.340000 14.752506
2.350000 9.302390
2.360000 9.247950
2.370000 5.922527
2.380000 9.708627
2.390000 9.825712
2.400000 7.084777
2.410000 13.806374
2.420000 12.591112
2.430000 5.917296
2.440000 13.650536
2.450000 13.347660
2.460000 4.163593
2.470000 13.547216
2.480000 5.965366
2.490000 6.249139
2.500000 5.218402
2.510000 5.517803
2.520000 6.133003
2.530000 4.075517
2.540000 7.639587
2.550000 4.736569
2.560000 3.732605
2.570000 4.763234
2.580000 4.217375
2.590000 2.269356
2.600000 2.661261
2.610000 4.619207
2.620000 3.575878
2.630000 3.495374
2.640000 2.917977
2.650000 3.716502
2.660000 3.037392
2.670000 3.416827
2.680000 3.043952
2.690000 3.093439
2.700000 3.375061
2.710000 2.338146
2.720000 2.667918
2.730000 2.173925
2.740000 1.918247
2.750000 3.120410
2.760000 2.240079
2.770000 2.958690
2.780000 1.822281
2.790000 2.756584
2.800000 2.519431
2.810000 2.427108
2.820000 1.988378
2.830000 1.693815
2.840000 1.961209
2.850000 2.002981
2.860000 2.059779
2.870000 1.990231
2.880000 2.091578
2.890000 2.049630
2.900000 1.745343
2.910000 1.667293
2.920000 1.696460
2.930000 1.116098
2.940000 2.066605
2.950000 1.564009
2.960000 1.498654
2.970000 1.323499
2.980000 1.263580
2.990000 1.587996
3.000000 1.016382
