# L: 10
#T X
1.500000 0.041503
1.510000 0.046885
1.520000 0.043183
1.530000 0.044523
1.540000 0.046663
1.550000 0.046657
1.560000 0.047443
1.570000 0.049482
1.580000 0.053034
1.590000 0.053028
1.600000 0.052386
1.610000 0.057674
1.620000 0.059633
1.630000 0.062128
1.640000 0.058303
1.650000 0.065996
1.660000 0.068746
1.670000 0.073931
1.680000 0.070080
1.690000 0.083654
1.700000 0.073178
1.710000 0.084581
1.720000 0.094121
1.730000 0.085117
1.740000 0.089157
1.750000 0.103183
1.760000 0.095434
1.770000 0.118047
1.780000 0.128674
1.790000 0.106286
1.800000 0.116063
1.810000 0.119508
1.820000 0.137722
1.830000 0.148530
1.840000 0.133158
1.850000 0.151559
1.860000 0.166834
1.870000 0.145060
1.880000 0.150066
1.890000 0.212819
1.900000 0.174813
1.910000 0.247780
1.920000 0.200970
1.930000 0.220742
1.940000 0.213839
1.950000 0.250065
1.960000 0.245219
1.970000 0.279771
1.980000 0.336272
1.990000 0.445224
2.000000 0.438509
2.010000 0.339690
2.020000 0.364137
2.030000 0.329267
2.040000 0.428637
2.050000 0.828528
2.060000 0.452464
2.070000 0.556793
2.080000 0.655713
2.090000 0.702821
2.100000 0.852635
2.110000 0.912187
2.120000 0.691233
2.130000 0.899623
2.140000 0.972384
2.150000 0.869236
2.160000 1.004622
2.170000 0.818416
2.180000 1.368909
2.190000 1.169804
2.200000 1.648690
2.210000 1.546405
2.220000 1.466964
2.230000 1.436838
2.240000 1.468242
2.250000 1.579451
2.260000 1.772511
2.270000 2.065743
2.280000 1.604640
2.290000 1.891115
2.300000 1.849653
2.310000 2.042372
2.320000 2.255865
2.330000 2.203343
2.340000 2.323002
2.350000 2.487425
2.360000 2.153884
2.370000 2.394768
2.380000 2.783391
2.390000 2.667973
2.400000 2.655693
2.410000 2.352861
2.420000 2.543141
2.430000 2.590634
2.440000 2.871587
2.450000 2.623174
2.460000 2.773352
2.470000 2.511488
2.480000 2.731167
2.490000 2.753299
2.500000 2.742406
2.510000 2.553086
2.520000 2.599457
2.530000 2.635659
2.540000 2.612784
2.550000 2.479181
2.560000 2.517409
2.570000 2.479766
2.580000 2.410608
2.590000 2.437191
2.600000 2.289789
2.610000 2.359249
2.620000 2.378833
2.630000 2.380504
2.640000 2.279910
2.650000 2.117703
2.660000 2.251866
2.670000 2.195138
2.680000 2.157933
2.690000 2.184737
2.700000 2.116361
2.710000 2.020960
2.720000 1.936019
2.730000 1.997284
2.740000 1.886124
2.750000 1.828384
2.760000 1.756580
2.770000 1.777371
2.780000 1.798094
2.790000 1.777809
2.800000 1.819487
2.810000 1.700814
2.820000 1.638230
2.830000 1.598911
2.840000 1.501463
2.850000 1.576135
2.860000 1.520401
2.870000 1.465701
2.880000 1.497700
2.890000 1.397962
2.900000 1.496817
2.910000 1.357456
2.920000 1.400727
2.930000 1.413626
2.940000 1.309480
2.950000 1.338888
2.960000 1.285641
2.970000 1.261274
2.980000 1.341006
2.990000 1.154309
3.000000 1.128595
